  2.000000000000000E-003  2.000000000000000E-003 -0.299146405729078     
  2.000000000000000E-003  0.307153750000000      -0.311321549693024     
  2.000000000000000E-003  0.612307500000000      -0.319816235306025     
  2.000000000000000E-003  0.917461250000000      -0.325047353661760     
  2.000000000000000E-003   1.22261500000000      -0.328821704192677     
  2.000000000000000E-003   1.52776875000000      -0.329933294736761     
  2.000000000000000E-003   1.83292250000000      -0.327535560564612     
  2.000000000000000E-003   2.13807625000000      -0.322107840890730     
  2.000000000000000E-003   2.44323000000000      -0.315867233767239     
  2.000000000000000E-003   2.74838375000000      -0.306773239526616     
  2.000000000000000E-003   3.05353750000000      -0.295811728314937     
  2.000000000000000E-003   3.35869125000000      -0.286584112027968     
  2.000000000000000E-003   3.66384500000000      -0.271916320931352     
  2.000000000000000E-003   3.96899875000000      -0.256520889940588     
  2.000000000000000E-003   4.27415250000000      -0.234953304920391     
  2.000000000000000E-003   4.57930625000000      -0.206215449939528     
  2.000000000000000E-003   4.88446000000000      -0.179516452151111     
  2.000000000000000E-003   5.18961375000000      -0.158314458834870     
  2.000000000000000E-003   5.49476750000000      -0.142146655476403     
  2.000000000000000E-003   5.79992125000000      -0.130888030002526     
  2.000000000000000E-003   6.10507500000000      -0.123790770155555     
  2.000000000000000E-003   6.41022875000000      -0.119596984680068     
  2.000000000000000E-003   6.71538250000000      -0.116387043590562     
  2.000000000000000E-003   7.02053625000000      -0.111872419862923     
  2.000000000000000E-003   7.32569000000000      -0.106983305613180     
  0.307153750000000       2.000000000000000E-003 -0.311331251625076     
  0.307153750000000       0.307153750000000      -0.300375946089696     
  0.307153750000000       0.612307500000000      -0.326638751277737     
  0.307153750000000       0.917461250000000      -0.352772374814056     
  0.307153750000000        1.22261500000000      -0.365557927319700     
  0.307153750000000        1.52776875000000      -0.369102071288354     
  0.307153750000000        1.83292250000000      -0.366342717706711     
  0.307153750000000        2.13807625000000      -0.359252720045399     
  0.307153750000000        2.44323000000000      -0.351177135479651     
  0.307153750000000        2.74838375000000      -0.338667406062609     
  0.307153750000000        3.05353750000000      -0.320083155847793     
  0.307153750000000        3.35869125000000      -0.299442108883638     
  0.307153750000000        3.66384500000000      -0.280633054333774     
  0.307153750000000        3.96899875000000      -0.262031477250010     
  0.307153750000000        4.27415250000000      -0.239306989407709     
  0.307153750000000        4.57930625000000      -0.212255791919626     
  0.307153750000000        4.88446000000000      -0.186587885493254     
  0.307153750000000        5.18961375000000      -0.165512765260689     
  0.307153750000000        5.49476750000000      -0.148845870327380     
  0.307153750000000        5.79992125000000      -0.136634779436847     
  0.307153750000000        6.10507500000000      -0.128173409044887     
  0.307153750000000        6.41022875000000      -0.122158273627592     
  0.307153750000000        6.71538250000000      -0.116787059860811     
  0.307153750000000        7.02053625000000      -0.112450269812894     
  0.307153750000000        7.32569000000000      -0.108403224173708     
  0.612307500000000       2.000000000000000E-003 -0.319823202529735     
  0.612307500000000       0.307153750000000      -0.326638758793985     
  0.612307500000000       0.612307500000000      -0.352816870345097     
  0.612307500000000       0.917461250000000      -0.382751284166352     
  0.612307500000000        1.22261500000000      -0.399987043842524     
  0.612307500000000        1.52776875000000      -0.405599183478270     
  0.612307500000000        1.83292250000000      -0.402432128337607     
  0.612307500000000        2.13807625000000      -0.394538164191986     
  0.612307500000000        2.44323000000000      -0.384139270461398     
  0.612307500000000        2.74838375000000      -0.368894843191988     
  0.612307500000000        3.05353750000000      -0.345056318408872     
  0.612307500000000        3.35869125000000      -0.315545172299560     
  0.612307500000000        3.66384500000000      -0.286781353373997     
  0.612307500000000        3.96899875000000      -0.262103220260302     
  0.612307500000000        4.27415250000000      -0.238196390025314     
  0.612307500000000        4.57930625000000      -0.213578001950302     
  0.612307500000000        4.88446000000000      -0.190525613401133     
  0.612307500000000        5.18961375000000      -0.170857967791713     
  0.612307500000000        5.49476750000000      -0.154618209663058     
  0.612307500000000        5.79992125000000      -0.142050491425790     
  0.612307500000000        6.10507500000000      -0.132803754807119     
  0.612307500000000        6.41022875000000      -0.125855323783682     
  0.612307500000000        6.71538250000000      -0.120051224842802     
  0.612307500000000        7.02053625000000      -0.114476243801452     
  0.612307500000000        7.32569000000000      -0.107418088508544     
  0.917461250000000       2.000000000000000E-003 -0.325048230749678     
  0.917461250000000       0.307153750000000      -0.352772742234020     
  0.917461250000000       0.612307500000000      -0.382751726018252     
  0.917461250000000       0.917461250000000      -0.410592063850678     
  0.917461250000000        1.22261500000000      -0.428408241715819     
  0.917461250000000        1.52776875000000      -0.434868005920931     
  0.917461250000000        1.83292250000000      -0.431609601134331     
  0.917461250000000        2.13807625000000      -0.424539103036824     
  0.917461250000000        2.44323000000000      -0.411987477263258     
  0.917461250000000        2.74838375000000      -0.392684278594194     
  0.917461250000000        3.05353750000000      -0.366171865501335     
  0.917461250000000        3.35869125000000      -0.332966739825232     
  0.917461250000000        3.66384500000000      -0.298515697234085     
  0.917461250000000        3.96899875000000      -0.267357289977461     
  0.917461250000000        4.27415250000000      -0.239964007398356     
  0.917461250000000        4.57930625000000      -0.215488035229747     
  0.917461250000000        4.88446000000000      -0.193809972599071     
  0.917461250000000        5.18961375000000      -0.175111351273127     
  0.917461250000000        5.49476750000000      -0.159445943870300     
  0.917461250000000        5.79992125000000      -0.146812484358471     
  0.917461250000000        6.10507500000000      -0.137006747302261     
  0.917461250000000        6.41022875000000      -0.129234886237654     
  0.917461250000000        6.71538250000000      -0.122495850058740     
  0.917461250000000        7.02053625000000      -0.115510831169019     
  0.917461250000000        7.32569000000000      -0.107510768939166     
   1.22261500000000       2.000000000000000E-003 -0.328821724738924     
   1.22261500000000       0.307153750000000      -0.365558578966197     
   1.22261500000000       0.612307500000000      -0.399987291086216     
   1.22261500000000       0.917461250000000      -0.428407676468307     
   1.22261500000000        1.22261500000000      -0.446705216224813     
   1.22261500000000        1.52776875000000      -0.453646104328939     
   1.22261500000000        1.83292250000000      -0.452369288393434     
   1.22261500000000        2.13807625000000      -0.446316086179832     
   1.22261500000000        2.44323000000000      -0.431889477689162     
   1.22261500000000        2.74838375000000      -0.408646480428624     
   1.22261500000000        3.05353750000000      -0.378500666333657     
   1.22261500000000        3.35869125000000      -0.344003548723583     
   1.22261500000000        3.66384500000000      -0.307902012842594     
   1.22261500000000        3.96899875000000      -0.273937333904175     
   1.22261500000000        4.27415250000000      -0.244233620213126     
   1.22261500000000        4.57930625000000      -0.218834314138916     
   1.22261500000000        4.88446000000000      -0.197139739120314     
   1.22261500000000        5.18961375000000      -0.178767141369403     
   1.22261500000000        5.49476750000000      -0.163404134373232     
   1.22261500000000        5.79992125000000      -0.150720707209084     
   1.22261500000000        6.10507500000000      -0.140331110655712     
   1.22261500000000        6.41022875000000      -0.131571390512537     
   1.22261500000000        6.71538250000000      -0.123648592416888     
   1.22261500000000        7.02053625000000      -0.115746305013668     
   1.22261500000000        7.32569000000000      -0.107531019527340     
   1.52776875000000       2.000000000000000E-003 -0.329936666173837     
   1.52776875000000       0.307153750000000      -0.369103521275218     
   1.52776875000000       0.612307500000000      -0.405598072684344     
   1.52776875000000       0.917461250000000      -0.434864882947326     
   1.52776875000000        1.22261500000000      -0.453643108858056     
   1.52776875000000        1.52776875000000      -0.462135312357505     
   1.52776875000000        1.83292250000000      -0.464229326129252     
   1.52776875000000        2.13807625000000      -0.457685415171525     
   1.52776875000000        2.44323000000000      -0.441290330229294     
   1.52776875000000        2.74838375000000      -0.415838259936193     
   1.52776875000000        3.05353750000000      -0.383753319378193     
   1.52776875000000        3.35869125000000      -0.348143395300499     
   1.52776875000000        3.66384500000000      -0.312070312717568     
   1.52776875000000        3.96899875000000      -0.278129851455889     
   1.52776875000000        4.27415250000000      -0.247944477535223     
   1.52776875000000        4.57930625000000      -0.222005441337417     
   1.52776875000000        4.88446000000000      -0.200125271942957     
   1.52776875000000        5.18961375000000      -0.181850040586683     
   1.52776875000000        5.49476750000000      -0.166609814367756     
   1.52776875000000        5.79992125000000      -0.153795444330079     
   1.52776875000000        6.10507500000000      -0.142831857370445     
   1.52776875000000        6.41022875000000      -0.133153770122393     
   1.52776875000000        6.71538250000000      -0.124255127498016     
   1.52776875000000        7.02053625000000      -0.115735408263483     
   1.52776875000000        7.32569000000000      -0.107455392322203     
   1.83292250000000       2.000000000000000E-003 -0.327545298743239     
   1.83292250000000       0.307153750000000      -0.366346046368013     
   1.83292250000000       0.612307500000000      -0.402429114966470     
   1.83292250000000       0.917461250000000      -0.431602343963567     
   1.83292250000000        1.22261500000000      -0.452361274830829     
   1.83292250000000        1.52776875000000      -0.464224100785640     
   1.83292250000000        1.83292250000000      -0.466174163316715     
   1.83292250000000        2.13807625000000      -0.457620849716835     
   1.83292250000000        2.44323000000000      -0.439161981321600     
   1.83292250000000        2.74838375000000      -0.412675723687673     
   1.83292250000000        3.05353750000000      -0.380814739969875     
   1.83292250000000        3.35869125000000      -0.346355299859737     
   1.83292250000000        3.66384500000000      -0.311766621817066     
   1.83292250000000        3.96899875000000      -0.279014837283156     
   1.83292250000000        4.27415250000000      -0.249451090900394     
   1.83292250000000        4.57930625000000      -0.223777278280856     
   1.83292250000000        4.88446000000000      -0.202108192654122     
   1.83292250000000        5.18961375000000      -0.184078431182140     
   1.83292250000000        5.49476750000000      -0.168999173504955     
   1.83292250000000        5.79992125000000      -0.156080084005263     
   1.83292250000000        6.10507500000000      -0.144647610233757     
   1.83292250000000        6.41022875000000      -0.134253593291743     
   1.83292250000000        6.71538250000000      -0.124648138386009     
   1.83292250000000        7.02053625000000      -0.115707106176602     
   1.83292250000000        7.32569000000000      -0.107376251161567     
   2.13807625000000       2.000000000000000E-003 -0.322127377875444     
   2.13807625000000       0.307153750000000      -0.359259507532277     
   2.13807625000000       0.612307500000000      -0.394533100266906     
   2.13807625000000       0.917461250000000      -0.424526750722864     
   2.13807625000000        1.22261500000000      -0.446301917474109     
   2.13807625000000        1.52776875000000      -0.457673931354378     
   2.13807625000000        1.83292250000000      -0.457614747179662     
   2.13807625000000        2.13807625000000      -0.446609026702566     
   2.13807625000000        2.44323000000000      -0.426538541029124     
   2.13807625000000        2.74838375000000      -0.400054013186759     
   2.13807625000000        3.05353750000000      -0.369803556658499     
   2.13807625000000        3.35869125000000      -0.337956684737542     
   2.13807625000000        3.66384500000000      -0.306177352423249     
   2.13807625000000        3.96899875000000      -0.275804008956328     
   2.13807625000000        4.27415250000000      -0.247945144917986     
   2.13807625000000        4.57930625000000      -0.223413094656325     
   2.13807625000000        4.88446000000000      -0.202547530999811     
   2.13807625000000        5.18961375000000      -0.185101636799348     
   2.13807625000000        5.49476750000000      -0.170360843813737     
   2.13807625000000        5.79992125000000      -0.157465391494863     
   2.13807625000000        6.10507500000000      -0.145746321324852     
   2.13807625000000        6.41022875000000      -0.134882854579087     
   2.13807625000000        6.71538250000000      -0.124830500431021     
   2.13807625000000        7.02053625000000      -0.115633782838091     
   2.13807625000000        7.32569000000000      -0.107283079725474     
   2.44323000000000       2.000000000000000E-003 -0.315901659900756     
   2.44323000000000       0.307153750000000      -0.351188049714559     
   2.44323000000000       0.612307500000000      -0.384130091483119     
   2.44323000000000       0.917461250000000      -0.411968159513880     
   2.44323000000000        1.22261500000000      -0.431868379807235     
   2.44323000000000        1.52776875000000      -0.441272705822886     
   2.44323000000000        1.83292250000000      -0.439150425885283     
   2.44323000000000        2.13807625000000      -0.426533427562130     
   2.44323000000000        2.44323000000000      -0.406008191970288     
   2.44323000000000        2.74838375000000      -0.380620518415876     
   2.44323000000000        3.05353750000000      -0.352882799029890     
   2.44323000000000        3.35869125000000      -0.324392240592637     
   2.44323000000000        3.66384500000000      -0.296108255283683     
   2.44323000000000        3.96899875000000      -0.268829896731744     
   2.44323000000000        4.27415250000000      -0.243425483200405     
   2.44323000000000        4.57930625000000      -0.220727657544969     
   2.44323000000000        4.88446000000000      -0.201200183612232     
   2.44323000000000        5.18961375000000      -0.184683422807302     
   2.44323000000000        5.49476750000000      -0.170488053081654     
   2.44323000000000        5.79992125000000      -0.157777658319999     
   2.44323000000000        6.10507500000000      -0.145966588476022     
   2.44323000000000        6.41022875000000      -0.134880562115513     
   2.44323000000000        6.71538250000000      -0.124627399135816     
   2.44323000000000        7.02053625000000      -0.115345751014128     
   2.44323000000000        7.32569000000000      -0.107056850256708     
   2.74838375000000       2.000000000000000E-003 -0.306824499839873     
   2.74838375000000       0.307153750000000      -0.338678674308272     
   2.74838375000000       0.612307500000000      -0.368875092264095     
   2.74838375000000       0.917461250000000      -0.392653964452307     
   2.74838375000000        1.22261500000000      -0.408618031929890     
   2.74838375000000        1.52776875000000      -0.415815804840782     
   2.74838375000000        1.83292250000000      -0.412660672320414     
   2.74838375000000        2.13807625000000      -0.400045971422485     
   2.74838375000000        2.44323000000000      -0.380617726120603     
   2.74838375000000        2.74838375000000      -0.357410714391688     
   2.74838375000000        3.05353750000000      -0.332731312353816     
   2.74838375000000        3.35869125000000      -0.307792560268323     
   2.74838375000000        3.66384500000000      -0.283102954507867     
   2.74838375000000        3.96899875000000      -0.259097948204455     
   2.74838375000000        4.27415250000000      -0.236459315549230     
   2.74838375000000        4.57930625000000      -0.215974437657508     
   2.74838375000000        4.88446000000000      -0.198119901292449     
   2.74838375000000        5.18961375000000      -0.182765438468937     
   2.74838375000000        5.49476750000000      -0.169273154855927     
   2.74838375000000        5.79992125000000      -0.156900420020169     
   2.74838375000000        6.10507500000000      -0.145200350187907     
   2.74838375000000        6.41022875000000      -0.134143449318127     
   2.74838375000000        6.71538250000000      -0.123882668720633     
   2.74838375000000        7.02053625000000      -0.114683972729942     
   2.74838375000000        7.32569000000000      -0.106725811791192     
   3.05353750000000       2.000000000000000E-003 -0.295870264221195     
   3.05353750000000       0.307153750000000      -0.320082034971900     
   3.05353750000000       0.612307500000000      -0.345017761844255     
   3.05353750000000       0.917461250000000      -0.366127400492043     
   3.05353750000000        1.22261500000000      -0.378465981938789     
   3.05353750000000        1.52776875000000      -0.383728879754220     
   3.05353750000000        1.83292250000000      -0.380799188134120     
   3.05353750000000        2.13807625000000      -0.369795364600190     
   3.05353750000000        2.44323000000000      -0.352879774081810     
   3.05353750000000        2.74838375000000      -0.332730929182532     
   3.05353750000000        3.05353750000000      -0.311403307975948     
   3.05353750000000        3.35869125000000      -0.289922307065812     
   3.05353750000000        3.66384500000000      -0.268601960660128     
   3.05353750000000        3.96899875000000      -0.247699310507088     
   3.05353750000000        4.27415250000000      -0.227794864426263     
   3.05353750000000        4.57930625000000      -0.209603694861333     
   3.05353750000000        4.88446000000000      -0.193530619253086     
   3.05353750000000        5.18961375000000      -0.179425582404092     
   3.05353750000000        5.49476750000000      -0.166718876998728     
   3.05353750000000        5.79992125000000      -0.154810609184635     
   3.05353750000000        6.10507500000000      -0.143424237872210     
   3.05353750000000        6.41022875000000      -0.132598590743857     
   3.05353750000000        6.71538250000000      -0.122497814373877     
   3.05353750000000        7.02053625000000      -0.113720215948475     
   3.05353750000000        7.32569000000000      -0.106521430799546     
   3.35869125000000       2.000000000000000E-003 -0.286623056158976     
   3.35869125000000       0.307153750000000      -0.299415320616556     
   3.35869125000000       0.612307500000000      -0.315490103563875     
   3.35869125000000       0.917461250000000      -0.332916209792830     
   3.35869125000000        1.22261500000000      -0.343968463190564     
   3.35869125000000        1.52776875000000      -0.348121694378748     
   3.35869125000000        1.83292250000000      -0.346342839373501     
   3.35869125000000        2.13807625000000      -0.337951087639625     
   3.35869125000000        2.44323000000000      -0.324391153166681     
   3.35869125000000        2.74838375000000      -0.307793599130952     
   3.35869125000000        3.05353750000000      -0.289923472758713     
   3.35869125000000        3.35869125000000      -0.271728258285853     
   3.35869125000000        3.66384500000000      -0.253489508628043     
   3.35869125000000        3.96899875000000      -0.235410703155616     
   3.35869125000000        4.27415250000000      -0.218048255314733     
   3.35869125000000        4.57930625000000      -0.202044232540303     
   3.35869125000000        4.88446000000000      -0.187693679068175     
   3.35869125000000        5.18961375000000      -0.174811315114808     
   3.35869125000000        5.49476750000000      -0.162912940577813     
   3.35869125000000        5.79992125000000      -0.151569479417680     
   3.35869125000000        6.10507500000000      -0.140684321832694     
   3.35869125000000        6.41022875000000      -0.130287229115833     
   3.35869125000000        6.71538250000000      -0.120683396811076     
   3.35869125000000        7.02053625000000      -0.112883140220368     
   3.35869125000000        7.32569000000000      -0.106804056921668     
   3.66384500000000       2.000000000000000E-003 -0.271925520531825     
   3.66384500000000       0.307153750000000      -0.280612273319718     
   3.66384500000000       0.612307500000000      -0.286741757839602     
   3.66384500000000       0.917461250000000      -0.298479811458778     
   3.66384500000000        1.22261500000000      -0.307877944123868     
   3.66384500000000        1.52776875000000      -0.312056968761582     
   3.66384500000000        1.83292250000000      -0.311760545885599     
   3.66384500000000        2.13807625000000      -0.306176427348387     
   3.66384500000000        2.44323000000000      -0.296110476495975     
   3.66384500000000        2.74838375000000      -0.283106380841722     
   3.66384500000000        3.05353750000000      -0.268605019430289     
   3.66384500000000        3.35869125000000      -0.253491224799088     
   3.66384500000000        3.66384500000000      -0.238088339534147     
   3.66384500000000        3.96899875000000      -0.222615445535908     
   3.66384500000000        4.27415250000000      -0.207612755692148     
   3.66384500000000        4.57930625000000      -0.193630674200840     
   3.66384500000000        4.88446000000000      -0.180861749877609     
   3.66384500000000        5.18961375000000      -0.169113490308455     
   3.66384500000000        5.49476750000000      -0.158012875921676     
   3.66384500000000        5.79992125000000      -0.147308285494235     
   3.66384500000000        6.10507500000000      -0.137065167506839     
   3.66384500000000        6.41022875000000      -0.127349867020916     
   3.66384500000000        6.71538250000000      -0.118600457338946     
   3.66384500000000        7.02053625000000      -0.112033352308958     
   3.66384500000000        7.32569000000000      -0.106905522856553     
   3.96899875000000       2.000000000000000E-003 -0.256555220190684     
   3.96899875000000       0.307153750000000      -0.262062074360230     
   3.96899875000000       0.612307500000000      -0.262108679714671     
   3.96899875000000       0.917461250000000      -0.267351992670686     
   3.96899875000000        1.22261500000000      -0.273932325043664     
   3.96899875000000        1.52776875000000      -0.278128459460959     
   3.96899875000000        1.83292250000000      -0.279016917032282     
   3.96899875000000        2.13807625000000      -0.275808639936736     
   3.96899875000000        2.44323000000000      -0.268835848961259     
   3.96899875000000        2.74838375000000      -0.259103957086110     
   3.96899875000000        3.05353750000000      -0.247704350323677     
   3.96899875000000        3.35869125000000      -0.235414155904603     
   3.96899875000000        3.66384500000000      -0.222617113355913     
   3.96899875000000        3.96899875000000      -0.209593650521688     
   3.96899875000000        4.27415250000000      -0.196799529930538     
   3.96899875000000        4.57930625000000      -0.184655175710422     
   3.96899875000000        4.88446000000000      -0.173292997638012     
   3.96899875000000        5.18961375000000      -0.162567801891727     
   3.96899875000000        5.49476750000000      -0.152243715005355     
   3.96899875000000        5.79992125000000      -0.142227724878392     
   3.96899875000000        6.10507500000000      -0.132696115162000     
   3.96899875000000        6.41022875000000      -0.123819448024732     
   3.96899875000000        6.71538250000000      -0.115995353189088     
   3.96899875000000        7.02053625000000      -0.109893429538260     
   3.96899875000000        7.32569000000000      -0.104712150903358     
   4.27415250000000       2.000000000000000E-003 -0.235004066076615     
   4.27415250000000       0.307153750000000      -0.239362228258295     
   4.27415250000000       0.612307500000000      -0.238233266579623     
   4.27415250000000       0.917461250000000      -0.239984380475377     
   4.27415250000000        1.22261500000000      -0.244245765672037     
   4.27415250000000        1.52776875000000      -0.247954480612721     
   4.27415250000000        1.83292250000000      -0.249460861629646     
   4.27415250000000        2.13807625000000      -0.247954869732716     
   4.27415250000000        2.44323000000000      -0.243434770477151     
   4.27415250000000        2.74838375000000      -0.236467608207994     
   4.27415250000000        3.05353750000000      -0.227801661456664     
   4.27415250000000        3.35869125000000      -0.218053241422685     
   4.27415250000000        3.66384500000000      -0.207615856043828     
   4.27415250000000        3.96899875000000      -0.196800904020382     
   4.27415250000000        4.27415250000000      -0.185963703848494     
   4.27415250000000        4.57930625000000      -0.175408812559655     
   4.27415250000000        4.88446000000000      -0.165254942903773     
   4.27415250000000        5.18961375000000      -0.155445468850837     
   4.27415250000000        5.49476750000000      -0.145885180728130     
   4.27415250000000        5.79992125000000      -0.136597828965228     
   4.27415250000000        6.10507500000000      -0.127788494098095     
   4.27415250000000        6.41022875000000      -0.119711148630454     
   4.27415250000000        6.71538250000000      -0.112618464396352     
   4.27415250000000        7.02053625000000      -0.106830248410963     
   4.27415250000000        7.32569000000000      -0.101827197576367     
   4.57930625000000       2.000000000000000E-003 -0.206262981232438     
   4.57930625000000       0.307153750000000      -0.212308820343732     
   4.57930625000000       0.612307500000000      -0.213621655365522     
   4.57930625000000       0.917461250000000      -0.215518529379014     
   4.57930625000000        1.22261500000000      -0.218856277961049     
   4.57930625000000        1.52776875000000      -0.222023129095915     
   4.57930625000000        1.83292250000000      -0.223792469334106     
   4.57930625000000        2.13807625000000      -0.223426474205997     
   4.57930625000000        2.44323000000000      -0.220739436497019     
   4.57930625000000        2.74838375000000      -0.215984580675052     
   4.57930625000000        3.05353750000000      -0.209612035057820     
   4.57930625000000        3.35869125000000      -0.202050585253497     
   4.57930625000000        3.66384500000000      -0.193634968696976     
   4.57930625000000        3.96899875000000      -0.184657561226889     
   4.57930625000000        4.27415250000000      -0.175409693943117     
   4.57930625000000        4.57930625000000      -0.166141645961026     
   4.57930625000000        4.88446000000000      -0.156998666219592     
   4.57930625000000        5.18961375000000      -0.148023066031644     
   4.57930625000000        5.49476750000000      -0.139233725510799     
   4.57930625000000        5.79992125000000      -0.130717263623390     
   4.57930625000000        6.10507500000000      -0.122652568776158     
   4.57930625000000        6.41022875000000      -0.115239613533665     
   4.57930625000000        6.71538250000000      -0.108619396988046     
   4.57930625000000        7.02053625000000      -0.102881093478310     
   4.57930625000000        7.32569000000000      -9.767460365588571E-002
   4.88446000000000       2.000000000000000E-003 -0.179553112911668     
   4.88446000000000       0.307153750000000      -0.186628828730067     
   4.88446000000000       0.612307500000000      -0.190562689482441     
   4.88446000000000       0.917461250000000      -0.193840657655907     
   4.88446000000000        1.22261500000000      -0.197164856426502     
   4.88446000000000        1.52776875000000      -0.200146158622577     
   4.88446000000000        1.83292250000000      -0.202125913729612     
   4.88446000000000        2.13807625000000      -0.202562869137641     
   4.88446000000000        2.44323000000000      -0.201213643057344     
   4.88446000000000        2.74838375000000      -0.198131657360557     
   4.88446000000000        3.05353750000000      -0.193540528895506     
   4.88446000000000        3.35869125000000      -0.187701427172486     
   4.88446000000000        3.66384500000000      -0.180867102915157     
   4.88446000000000        3.96899875000000      -0.173296034503528     
   4.88446000000000        4.27415250000000      -0.165256138816805     
   4.88446000000000        4.57930625000000      -0.156998810447749     
   4.88446000000000        4.88446000000000      -0.148718443940647     
   4.88446000000000        5.18961375000000      -0.140539186571196     
   4.88446000000000        5.49476750000000      -0.132548194660756     
   4.88446000000000        5.79992125000000      -0.124842477810664     
   4.88446000000000        6.10507500000000      -0.117542421743801     
   4.88446000000000        6.41022875000000      -0.110757450633415     
   4.88446000000000        6.71538250000000      -0.104537884493851     
   4.88446000000000        7.02053625000000      -9.885733945474130E-002
   4.88446000000000        7.32569000000000      -9.357704323185002E-002
   5.18961375000000       2.000000000000000E-003 -0.158340949485737     
   5.18961375000000       0.307153750000000      -0.165542835057677     
   5.18961375000000       0.612307500000000      -0.170887873917312     
   5.18961375000000       0.917461250000000      -0.175138642574113     
   5.18961375000000        1.22261500000000      -0.178790954907672     
   5.18961375000000        1.52776875000000      -0.181870546064028     
   5.18961375000000        1.83292250000000      -0.184096306349140     
   5.18961375000000        2.13807625000000      -0.185117674757972     
   5.18961375000000        2.44323000000000      -0.184698183140807     
   5.18961375000000        2.74838375000000      -0.182778989204073     
   5.18961375000000        3.05353750000000      -0.179437459337791     
   5.18961375000000        3.35869125000000      -0.174820768349992     
   5.18961375000000        3.66384500000000      -0.169119930271909     
   5.18961375000000        3.96899875000000      -0.162571192646220     
   5.18961375000000        4.27415250000000      -0.155446428694136     
   5.18961375000000        4.57930625000000      -0.148022653636574     
   5.18961375000000        4.88446000000000      -0.140538538930506     
   5.18961375000000        5.18961375000000      -0.133164757885796     
   5.18961375000000        5.49476750000000      -0.126008665220010     
   5.18961375000000        5.79992125000000      -0.119140233137896     
   5.18961375000000        6.10507500000000      -0.112610576684982     
   5.18961375000000        6.41022875000000      -0.106450585202999     
   5.18961375000000        6.71538250000000      -0.100663714816050     
   5.18961375000000        7.02053625000000      -9.522938934278713E-002
   5.18961375000000        7.32569000000000      -9.010811009737950E-002
   5.49476750000000       2.000000000000000E-003 -0.142166561798189     
   5.49476750000000       0.307153750000000      -0.148868624010803     
   5.49476750000000       0.612307500000000      -0.154641739909823     
   5.49476750000000       0.917461250000000      -0.159468328914647     
   5.49476750000000        1.22261500000000      -0.163424354663801     
   5.49476750000000        1.52776875000000      -0.166627934376506     
   5.49476750000000        1.83292250000000      -0.169015928207832     
   5.49476750000000        2.13807625000000      -0.170377109885699     
   5.49476750000000        2.44323000000000      -0.170504330134533     
   5.49476750000000        2.74838375000000      -0.169289182300334     
   5.49476750000000        3.05353750000000      -0.166733566038592     
   5.49476750000000        3.35869125000000      -0.162924763748536     
   5.49476750000000        3.66384500000000      -0.158020638689807     
   5.49476750000000        3.96899875000000      -0.152247252310890     
   5.49476750000000        4.27415250000000      -0.145885438163232     
   5.49476750000000        4.57930625000000      -0.139232233599083     
   5.49476750000000        4.88446000000000      -0.132546423113646     
   5.49476750000000        5.18961375000000      -0.126007603524055     
   5.49476750000000        5.49476750000000      -0.119709709644443     
   5.49476750000000        5.79992125000000      -0.113682745567458     
   5.49476750000000        6.10507500000000      -0.107919469938919     
   5.49476750000000        6.41022875000000      -0.102391523758410     
   5.49476750000000        6.71538250000000      -9.707855329650480E-002
   5.49476750000000        7.02053625000000      -9.200873265496454E-002
   5.49476750000000        7.32569000000000      -8.720889580302561E-002
   5.79992125000000       2.000000000000000E-003 -0.130902475995666     
   5.79992125000000       0.307153750000000      -0.136651418330917     
   5.79992125000000       0.612307500000000      -0.142068227918276     
   5.79992125000000       0.917461250000000      -0.146829877106235     
   5.79992125000000        1.22261500000000      -0.150736838657128     
   5.79992125000000        1.52776875000000      -0.153810613527806     
   5.79992125000000        1.83292250000000      -0.156095469945026     
   5.79992125000000        2.13807625000000      -0.157482091144496     
   5.79992125000000        2.44323000000000      -0.157796153419022     
   5.79992125000000        2.74838375000000      -0.156920108725714     
   5.79992125000000        3.05353750000000      -0.154829578893561     
   5.79992125000000        3.35869125000000      -0.151584911089951     
   5.79992125000000        3.66384500000000      -0.147317846997582     
   5.79992125000000        3.96899875000000      -0.142231146930060     
   5.79992125000000        4.27415250000000      -0.136596898944798     
   5.79992125000000        4.57930625000000      -0.130714389681800     
   5.79992125000000        4.88446000000000      -0.124839543100735     
   5.79992125000000        5.18961375000000      -0.119138258105682     
   5.79992125000000        5.49476750000000      -0.113681951037578     
   5.79992125000000        5.79992125000000      -0.108473706023148     
   5.79992125000000        6.10507500000000      -0.103477851364505     
   5.79992125000000        6.41022875000000      -9.867224331701628E-002
   5.79992125000000        6.71538250000000      -9.401952620321355E-002
   5.79992125000000        7.02053625000000      -8.950048450798842E-002
   5.79992125000000        7.32569000000000      -8.511677252604463E-002
   6.10507500000000       2.000000000000000E-003 -0.123800412567159     
   6.10507500000000       0.307153750000000      -0.128184631532664     
   6.10507500000000       0.612307500000000      -0.132816289746661     
   6.10507500000000       0.917461250000000      -0.137019438434341     
   6.10507500000000        1.22261500000000      -0.140343268463061     
   6.10507500000000        1.52776875000000      -0.142844169685594     
   6.10507500000000        1.83292250000000      -0.144661822898324     
   6.10507500000000        2.13807625000000      -0.145763864280802     
   6.10507500000000        2.44323000000000      -0.145988173357177     
   6.10507500000000        2.74838375000000      -0.145225476163643     
   6.10507500000000        3.05353750000000      -0.143450318487702     
   6.10507500000000        3.35869125000000      -0.140706097225675     
   6.10507500000000        3.66384500000000      -0.137077272570883     
   6.10507500000000        3.96899875000000      -0.132698312891559     
   6.10507500000000        4.27415250000000      -0.127785270812535     
   6.10507500000000        4.57930625000000      -0.122648099541170     
   6.10507500000000        4.88446000000000      -0.117538775373254     
   6.10507500000000        5.18961375000000      -0.112608414313129     
   6.10507500000000        5.49476750000000      -0.107918663477950     
   6.10507500000000        5.79992125000000      -0.103477818409321     
   6.10507500000000        6.10507500000000      -9.931378143032536E-002
   6.10507500000000        6.41022875000000      -9.534172437489399E-002
   6.10507500000000        6.71538250000000      -9.145450993554048E-002
   6.10507500000000        7.02053625000000      -8.761019986884977E-002
   6.10507500000000        7.32569000000000      -8.373911885692596E-002
   6.41022875000000       2.000000000000000E-003 -0.119602844018539     
   6.41022875000000       0.307153750000000      -0.122164898258628     
   6.41022875000000       0.612307500000000      -0.125863781081736     
   6.41022875000000       0.917461250000000      -0.129243684403889     
   6.41022875000000        1.22261500000000      -0.131579904020747     
   6.41022875000000        1.52776875000000      -0.133163288420797     
   6.41022875000000        1.83292250000000      -0.134266573434587     
   6.41022875000000        2.13807625000000      -0.134901237537316     
   6.41022875000000        2.44323000000000      -0.134905752697772     
   6.41022875000000        2.74838375000000      -0.134176557843890     
   6.41022875000000        3.05353750000000      -0.132636677633150     
   6.41022875000000        3.35869125000000      -0.130319445219813     
   6.41022875000000        3.66384500000000      -0.127365231536971     
   6.41022875000000        3.96899875000000      -0.123818408045050     
   6.41022875000000        4.27415250000000      -0.119703514589690     
   6.41022875000000        4.57930625000000      -0.115233317210681     
   6.41022875000000        4.88446000000000      -0.110754163375151     
   6.41022875000000        5.18961375000000      -0.106449529819083     
   6.41022875000000        5.49476750000000      -0.102391875967506     
   6.41022875000000        5.79992125000000      -9.867319285223845E-002
   6.41022875000000        6.10507500000000      -9.534258227519478E-002
   6.41022875000000        6.41022875000000      -9.219036179944187E-002
   6.41022875000000        6.71538250000000      -8.903124539189364E-002
   6.41022875000000        7.02053625000000      -8.592080057200896E-002
   6.41022875000000        7.32569000000000      -8.276468700183529E-002
   6.71538250000000       2.000000000000000E-003 -0.116391390612648     
   6.71538250000000       0.307153750000000      -0.116791533532125     
   6.71538250000000       0.612307500000000      -0.120058626839197     
   6.71538250000000       0.917461250000000      -0.122502549030775     
   6.71538250000000        1.22261500000000      -0.123654281827495     
   6.71538250000000        1.52776875000000      -0.124262088735344     
   6.71538250000000        1.83292250000000      -0.124659395962045     
   6.71538250000000        2.13807625000000      -0.124848785325535     
   6.71538250000000        2.44323000000000      -0.124655284412758     
   6.71538250000000        2.74838375000000      -0.123923850966421     
   6.71538250000000        3.05353750000000      -0.122548553309716     
   6.71538250000000        3.35869125000000      -0.120727990598632     
   6.71538250000000        3.66384500000000      -0.118618456484937     
   6.71538250000000        3.96899875000000      -0.115989925885825     
   6.71538250000000        4.27415250000000      -0.112608181769554     
   6.71538250000000        4.57930625000000      -0.108613488137803     
   6.71538250000000        4.88446000000000      -0.104537121639224     
   6.71538250000000        5.18961375000000      -0.100665570406588     
   6.71538250000000        5.49476750000000      -9.708145685795819E-002
   6.71538250000000        5.79992125000000      -9.402255181030821E-002
   6.71538250000000        6.10507500000000      -9.145709818445620E-002
   6.71538250000000        6.41022875000000      -8.903299030986567E-002
   6.71538250000000        6.71538250000000      -8.632666411411793E-002
   6.71538250000000        7.02053625000000      -8.372825632474248E-002
   6.71538250000000        7.32569000000000      -8.170987586737460E-002
   7.02053625000000       2.000000000000000E-003 -0.111879295271998     
   7.02053625000000       0.307153750000000      -0.112460118260142     
   7.02053625000000       0.612307500000000      -0.114487864895680     
   7.02053625000000       0.917461250000000      -0.115517770698932     
   7.02053625000000        1.22261500000000      -0.115750483807655     
   7.02053625000000        1.52776875000000      -0.115740476049749     
   7.02053625000000        1.83292250000000      -0.115716268105552     
   7.02053625000000        2.13807625000000      -0.115649989282215     
   7.02053625000000        2.44323000000000      -0.115372314700371     
   7.02053625000000        2.74838375000000      -0.114724664435264     
   7.02053625000000        3.05353750000000      -0.113773089259195     
   7.02053625000000        3.35869125000000      -0.112932213410546     
   7.02053625000000        3.66384500000000      -0.112050133955542     
   7.02053625000000        3.96899875000000      -0.109888933601888     
   7.02053625000000        4.27415250000000      -0.106826707952853     
   7.02053625000000        4.57930625000000      -0.102882829446230     
   7.02053625000000        4.88446000000000      -9.886273977869527E-002
   7.02053625000000        5.18961375000000      -9.523607713438600E-002
   7.02053625000000        5.49476750000000      -9.201540465037315E-002
   7.02053625000000        5.79992125000000      -8.950632031929258E-002
   7.02053625000000        6.10507500000000      -8.761484030986634E-002
   7.02053625000000        6.41022875000000      -8.592448031785756E-002
   7.02053625000000        6.71538250000000      -8.373124984304141E-002
   7.02053625000000        7.02053625000000      -8.137774664739791E-002
   7.02053625000000        7.32569000000000      -8.037055441037956E-002
   7.32569000000000       2.000000000000000E-003 -0.106988765107559     
   7.32569000000000       0.307153750000000      -0.108415601726714     
   7.32569000000000       0.612307500000000      -0.107431196101564     
   7.32569000000000       0.917461250000000      -0.107517835589504     
   7.32569000000000        1.22261500000000      -0.107534814632571     
   7.32569000000000        1.52776875000000      -0.107459426064382     
   7.32569000000000        1.83292250000000      -0.107383169038639     
   7.32569000000000        2.13807625000000      -0.107294961378124     
   7.32569000000000        2.44323000000000      -0.107075565740050     
   7.32569000000000        2.74838375000000      -0.106752321913770     
   7.32569000000000        3.05353750000000      -0.106552480740715     
   7.32569000000000        3.35869125000000      -0.106829060373536     
   7.32569000000000        3.66384500000000      -0.106917458361831     
   7.32569000000000        3.96899875000000      -0.104727468950690     
   7.32569000000000        4.27415250000000      -0.101843198867894     
   7.32569000000000        4.57930625000000      -9.769028200927035E-002
   7.32569000000000        4.88446000000000      -9.359142466443400E-002
   7.32569000000000        5.18961375000000      -9.012060841438670E-002
   7.32569000000000        5.49476750000000      -8.721973383346616E-002
   7.32569000000000        5.79992125000000      -8.512544929673130E-002
   7.32569000000000        6.10507500000000      -8.374532043055577E-002
   7.32569000000000        6.41022875000000      -8.276874409651452E-002
   7.32569000000000        6.71538250000000      -8.171268675798661E-002
   7.32569000000000        7.02053625000000      -8.037182226676629E-002
   7.32569000000000        7.32569000000000      -7.762462490231076E-002
