  2.000000000000000E-003  2.000000000000000E-003 -0.130245231065220     
  2.000000000000000E-003  0.307153750000000      -0.135780086405691     
  2.000000000000000E-003  0.612307500000000      -0.139156002140282     
  2.000000000000000E-003  0.917461250000000      -0.141525022261186     
  2.000000000000000E-003   1.22261500000000      -0.144187976559748     
  2.000000000000000E-003   1.52776875000000      -0.147822416085150     
  2.000000000000000E-003   1.83292250000000      -0.152682586873268     
  2.000000000000000E-003   2.13807625000000      -0.158808268280929     
  2.000000000000000E-003   2.44323000000000      -0.166071070470331     
  2.000000000000000E-003   2.74838375000000      -0.174229704097473     
  2.000000000000000E-003   3.05353750000000      -0.181173980213344     
  2.000000000000000E-003   3.35869125000000      -0.183007056409227     
  2.000000000000000E-003   3.66384500000000      -0.181133775298428     
  2.000000000000000E-003   3.96899875000000      -0.183003176184635     
  2.000000000000000E-003   4.27415250000000      -0.181167373107617     
  2.000000000000000E-003   4.57930625000000      -0.174222965148113     
  2.000000000000000E-003   4.88446000000000      -0.166065447033226     
  2.000000000000000E-003   5.18961375000000      -0.158803795323743     
  2.000000000000000E-003   5.49476750000000      -0.152678695003814     
  2.000000000000000E-003   5.79992125000000      -0.147818713551828     
  2.000000000000000E-003   6.10507500000000      -0.144183340340354     
  2.000000000000000E-003   6.41022875000000      -0.141517049539757     
  2.000000000000000E-003   6.71538250000000      -0.139142327707157     
  2.000000000000000E-003   7.02053625000000      -0.135767186550824     
  2.000000000000000E-003   7.32569000000000      -0.130243969503046     
  0.307153750000000       2.000000000000000E-003 -0.135781280610289     
  0.307153750000000       0.307153750000000      -0.138658320503540     
  0.307153750000000       0.612307500000000      -0.144368806782164     
  0.307153750000000       0.917461250000000      -0.149709360848153     
  0.307153750000000        1.22261500000000      -0.154185654978339     
  0.307153750000000        1.52776875000000      -0.159036630110193     
  0.307153750000000        1.83292250000000      -0.164827518089640     
  0.307153750000000        2.13807625000000      -0.171586006531080     
  0.307153750000000        2.44323000000000      -0.178848288844795     
  0.307153750000000        2.74838375000000      -0.185788346511166     
  0.307153750000000        3.05353750000000      -0.189837096906310     
  0.307153750000000        3.35869125000000      -0.188365975943213     
  0.307153750000000        3.66384500000000      -0.185437923269126     
  0.307153750000000        3.96899875000000      -0.188381301987046     
  0.307153750000000        4.27415250000000      -0.189849464053081     
  0.307153750000000        4.57930625000000      -0.185794332221960     
  0.307153750000000        4.88446000000000      -0.178849949467918     
  0.307153750000000        5.18961375000000      -0.171585419275739     
  0.307153750000000        5.49476750000000      -0.164825332065871     
  0.307153750000000        5.79992125000000      -0.159032382413840     
  0.307153750000000        6.10507500000000      -0.154176913672983     
  0.307153750000000        6.41022875000000      -0.149690149863373     
  0.307153750000000        6.71538250000000      -0.144330303851660     
  0.307153750000000        7.02053625000000      -0.138608251249396     
  0.307153750000000        7.32569000000000      -0.135768593962880     
  0.612307500000000       2.000000000000000E-003 -0.139156053621634     
  0.612307500000000       0.307153750000000      -0.144367417337170     
  0.612307500000000       0.612307500000000      -0.151033659213567     
  0.612307500000000       0.917461250000000      -0.158005171541970     
  0.612307500000000        1.22261500000000      -0.164347758669983     
  0.612307500000000        1.52776875000000      -0.170788917863861     
  0.612307500000000        1.83292250000000      -0.177834769252107     
  0.612307500000000        2.13807625000000      -0.185429412248760     
  0.612307500000000        2.44323000000000      -0.192889345609961     
  0.612307500000000        2.74838375000000      -0.199103522440784     
  0.612307500000000        3.05353750000000      -0.201670919198286     
  0.612307500000000        3.35869125000000      -0.199603850458182     
  0.612307500000000        3.66384500000000      -0.197343824281293     
  0.612307500000000        3.96899875000000      -0.199619347396853     
  0.612307500000000        4.27415250000000      -0.201688121862472     
  0.612307500000000        4.57930625000000      -0.199115172124004     
  0.612307500000000        4.88446000000000      -0.192895248305759     
  0.612307500000000        5.18961375000000      -0.185431790318372     
  0.612307500000000        5.49476750000000      -0.177834366802247     
  0.612307500000000        5.79992125000000      -0.170785387111891     
  0.612307500000000        6.10507500000000      -0.164339101100050     
  0.612307500000000        6.41022875000000      -0.157986924583657     
  0.612307500000000        6.71538250000000      -0.151001359695366     
  0.612307500000000        7.02053625000000      -0.144329244532796     
  0.612307500000000        7.32569000000000      -0.139142812176503     
  0.917461250000000       2.000000000000000E-003 -0.141524525208042     
  0.917461250000000       0.307153750000000      -0.149708735145182     
  0.917461250000000       0.612307500000000      -0.158005172950268     
  0.917461250000000       0.917461250000000      -0.166409699100429     
  0.917461250000000        1.22261500000000      -0.174665064206660     
  0.917461250000000        1.52776875000000      -0.183036838591789     
  0.917461250000000        1.83292250000000      -0.191797996671956     
  0.917461250000000        2.13807625000000      -0.200849092462085     
  0.917461250000000        2.44323000000000      -0.209466243183033     
  0.917461250000000        2.74838375000000      -0.216660954437850     
  0.917461250000000        3.05353750000000      -0.220976079301645     
  0.917461250000000        3.35869125000000      -0.221934091614073     
  0.917461250000000        3.66384500000000      -0.221671356423975     
  0.917461250000000        3.96899875000000      -0.221944356557047     
  0.917461250000000        4.27415250000000      -0.220989402706894     
  0.917461250000000        4.57930625000000      -0.216671407131824     
  0.917461250000000        4.88446000000000      -0.209472915634343     
  0.917461250000000        5.18961375000000      -0.200852749971444     
  0.917461250000000        5.49476750000000      -0.191798892393339     
  0.917461250000000        5.79992125000000      -0.183034721548801     
  0.917461250000000        6.10507500000000      -0.174659035732332     
  0.917461250000000        6.41022875000000      -0.166397929962137     
  0.917461250000000        6.71538250000000      -0.157987002068475     
  0.917461250000000        7.02053625000000      -0.149689685099695     
  0.917461250000000        7.32569000000000      -0.141516697537796     
   1.22261500000000       2.000000000000000E-003 -0.144187910930859     
   1.22261500000000       0.307153750000000      -0.154186052176730     
   1.22261500000000       0.612307500000000      -0.164348479829399     
   1.22261500000000       0.917461250000000      -0.174665589500568     
   1.22261500000000        1.22261500000000      -0.185085975855984     
   1.22261500000000        1.52776875000000      -0.195700415094071     
   1.22261500000000        1.83292250000000      -0.206662189607118     
   1.22261500000000        2.13807625000000      -0.217777070860149     
   1.22261500000000        2.44323000000000      -0.228317643323958     
   1.22261500000000        2.74838375000000      -0.237424663981228     
   1.22261500000000        3.05353750000000      -0.244193523097577     
   1.22261500000000        3.35869125000000      -0.248059385286876     
   1.22261500000000        3.66384500000000      -0.249232374937786     
   1.22261500000000        3.96899875000000      -0.248064864019135     
   1.22261500000000        4.27415250000000      -0.244201193126800     
   1.22261500000000        4.57930625000000      -0.237431737406101     
   1.22261500000000        4.88446000000000      -0.228323014767730     
   1.22261500000000        5.18961375000000      -0.217780489868541     
   1.22261500000000        5.49476750000000      -0.206663634346993     
   1.22261500000000        5.79992125000000      -0.195699741116731     
   1.22261500000000        6.10507500000000      -0.185082913382511     
   1.22261500000000        6.41022875000000      -0.174659670697894     
   1.22261500000000        6.71538250000000      -0.164339954003941     
   1.22261500000000        7.02053625000000      -0.154177414150034     
   1.22261500000000        7.32569000000000      -0.144183328119133     
   1.52776875000000       2.000000000000000E-003 -0.147823478234664     
   1.52776875000000       0.307153750000000      -0.159038054571653     
   1.52776875000000       0.612307500000000      -0.170790350656945     
   1.52776875000000       0.917461250000000      -0.183037850855577     
   1.52776875000000        1.22261500000000      -0.195700829028323     
   1.52776875000000        1.52776875000000      -0.208765545861360     
   1.52776875000000        1.83292250000000      -0.222232220060454     
   1.52776875000000        2.13807625000000      -0.235645713540142     
   1.52776875000000        2.44323000000000      -0.248360440748587     
   1.52776875000000        2.74838375000000      -0.259573962650873     
   1.52776875000000        3.05353750000000      -0.268383339349520     
   1.52776875000000        3.35869125000000      -0.273984394411192     
   1.52776875000000        3.66384500000000      -0.275897829491390     
   1.52776875000000        3.96899875000000      -0.273986853148421     
   1.52776875000000        4.27415250000000      -0.268387127665483     
   1.52776875000000        4.57930625000000      -0.259577794255347     
   1.52776875000000        4.88446000000000      -0.248363574300830     
   1.52776875000000        5.18961375000000      -0.235647960642289     
   1.52776875000000        5.49476750000000      -0.222233625715837     
   1.52776875000000        5.79992125000000      -0.208766139185964     
   1.52776875000000        6.10507500000000      -0.195700388804686     
   1.52776875000000        6.41022875000000      -0.183036072876148     
   1.52776875000000        6.71538250000000      -0.170787148128928     
   1.52776875000000        7.02053625000000      -0.159034060874153     
   1.52776875000000        7.32569000000000      -0.147819949586266     
   1.83292250000000       2.000000000000000E-003 -0.152685430995748     
   1.83292250000000       0.307153750000000      -0.164830156216273     
   1.83292250000000       0.612307500000000      -0.177836766655656     
   1.83292250000000       0.917461250000000      -0.191799146458786     
   1.83292250000000        1.22261500000000      -0.206662633925016     
   1.83292250000000        1.52776875000000      -0.222232286893770     
   1.83292250000000        1.83292250000000      -0.238088339534147     
   1.83292250000000        2.13807625000000      -0.253680467717785     
   1.83292250000000        2.44323000000000      -0.268374234469763     
   1.83292250000000        2.74838375000000      -0.281390667463984     
   1.83292250000000        3.05353750000000      -0.291769555774839     
   1.83292250000000        3.35869125000000      -0.298507462902605     
   1.83292250000000        3.66384500000000      -0.300846140021182     
   1.83292250000000        3.96899875000000      -0.298508178655674     
   1.83292250000000        4.27415250000000      -0.291770614442582     
   1.83292250000000        4.57930625000000      -0.281391650053470     
   1.83292250000000        4.88446000000000      -0.268375032807109     
   1.83292250000000        5.18961375000000      -0.253681285627854     
   1.83292250000000        5.49476750000000      -0.238089539580386     
   1.83292250000000        5.79992125000000      -0.222234000090565     
   1.83292250000000        6.10507500000000      -0.206664627787900     
   1.83292250000000        6.41022875000000      -0.191800701020908     
   1.83292250000000        6.71538250000000      -0.177836997364791     
   1.83292250000000        7.02053625000000      -0.164828492733799     
   1.83292250000000        7.32569000000000      -0.152681927816897     
   2.13807625000000       2.000000000000000E-003 -0.158813764908440     
   2.13807625000000       0.307153750000000      -0.171590192404503     
   2.13807625000000       0.612307500000000      -0.185431796315031     
   2.13807625000000       0.917461250000000      -0.200849983602369     
   2.13807625000000        1.22261500000000      -0.217777107837989     
   2.13807625000000        1.52776875000000      -0.235645460152380     
   2.13807625000000        1.83292250000000      -0.253680265567767     
   2.13807625000000        2.13807625000000      -0.271142727373948     
   2.13807625000000        2.44323000000000      -0.287371443304372     
   2.13807625000000        2.74838375000000      -0.301638308064896     
   2.13807625000000        3.05353750000000      -0.313002517453045     
   2.13807625000000        3.35869125000000      -0.320394133639136     
   2.13807625000000        3.66384500000000      -0.322962694849342     
   2.13807625000000        3.96899875000000      -0.320393704450705     
   2.13807625000000        4.27415250000000      -0.313001668193151     
   2.13807625000000        4.57930625000000      -0.301637140497032     
   2.13807625000000        4.88446000000000      -0.287370378336383     
   2.13807625000000        5.18961375000000      -0.271142436635388     
   2.13807625000000        5.49476750000000      -0.253681404951168     
   2.13807625000000        5.79992125000000      -0.235648331952213     
   2.13807625000000        6.10507500000000      -0.217781403830063     
   2.13807625000000        6.41022875000000      -0.200854650616604     
   2.13807625000000        6.71538250000000      -0.185435146143259     
   2.13807625000000        7.02053625000000      -0.171590421486862     
   2.13807625000000        7.32569000000000      -0.158809913025446     
   2.44323000000000       2.000000000000000E-003 -0.166080741324597     
   2.44323000000000       0.307153750000000      -0.178854566719213     
   2.44323000000000       0.612307500000000      -0.192891648940802     
   2.44323000000000       0.917461250000000      -0.209466053139944     
   2.44323000000000        1.22261500000000      -0.228316537868498     
   2.44323000000000        1.52776875000000      -0.248359367977645     
   2.44323000000000        1.83292250000000      -0.268373567503131     
   2.44323000000000        2.13807625000000      -0.287371189542836     
   2.44323000000000        2.44323000000000      -0.304646091101932     
   2.44323000000000        2.74838375000000      -0.319566462011048     
   2.44323000000000        3.05353750000000      -0.331325847337847     
   2.44323000000000        3.35869125000000      -0.338935580058527     
   2.44323000000000        3.66384500000000      -0.341573464817497     
   2.44323000000000        3.96899875000000      -0.338934538281386     
   2.44323000000000        4.27415250000000      -0.331323929943482     
   2.44323000000000        4.57930625000000      -0.319564088270333     
   2.44323000000000        4.88446000000000      -0.304644034390950     
   2.44323000000000        5.18961375000000      -0.287370384971673     
   2.44323000000000        5.49476750000000      -0.268374965559340     
   2.44323000000000        5.79992125000000      -0.248363421385874     
   2.44323000000000        6.10507500000000      -0.228323101176869     
   2.44323000000000        6.41022875000000      -0.209474080918208     
   2.44323000000000        6.71538250000000      -0.192898889673764     
   2.44323000000000        7.02053625000000      -0.178857349926087     
   2.44323000000000        7.32569000000000      -0.166075931357260     
   2.74838375000000       2.000000000000000E-003 -0.174244123541164     
   2.74838375000000       0.307153750000000      -0.185795960090933     
   2.74838375000000       0.612307500000000      -0.199104118491300     
   2.74838375000000       0.917461250000000      -0.216658077147004     
   2.74838375000000        1.22261500000000      -0.237421374826456     
   2.74838375000000        1.52776875000000      -0.259571514720947     
   2.74838375000000        1.83292250000000      -0.281389296297195     
   2.74838375000000        2.13807625000000      -0.301637783839612     
   2.74838375000000        2.44323000000000      -0.319566384530387     
   2.74838375000000        2.74838375000000      -0.334669479132882     
   2.74838375000000        3.05353750000000      -0.346377704683600     
   2.74838375000000        3.35869125000000      -0.353914180481413     
   2.74838375000000        3.66384500000000      -0.356529149381265     
   2.74838375000000        3.96899875000000      -0.353912960574224     
   2.74838375000000        4.27415250000000      -0.346375530800038     
   2.74838375000000        4.57930625000000      -0.334666870492021     
   2.74838375000000        4.88446000000000      -0.319564180923657     
   2.74838375000000        5.18961375000000      -0.301637040497827     
   2.74838375000000        5.49476750000000      -0.281391045760952     
   2.74838375000000        5.79992125000000      -0.259576467581425     
   2.74838375000000        6.10507500000000      -0.237429898149804     
   2.74838375000000        6.41022875000000      -0.216670237646402     
   2.74838375000000        6.71538250000000      -0.199117549161965     
   2.74838375000000        7.02053625000000      -0.185803418550278     
   2.74838375000000        7.32569000000000      -0.174238400407015     
   3.05353750000000       2.000000000000000E-003 -0.181190169057794     
   3.05353750000000       0.307153750000000      -0.189841725752799     
   3.05353750000000       0.612307500000000      -0.201665623599928     
   3.05353750000000       0.917461250000000      -0.220967979096045     
   3.05353750000000        1.22261500000000      -0.244186981407016     
   3.05353750000000        1.52776875000000      -0.268379141865343     
   3.05353750000000        1.83292250000000      -0.291767370192235     
   3.05353750000000        2.13807625000000      -0.313001737695377     
   3.05353750000000        2.44323000000000      -0.331325806023230     
   3.05353750000000        2.74838375000000      -0.346377846366567     
   3.05353750000000        3.05353750000000      -0.357877465089919     
   3.05353750000000        3.35869125000000      -0.365306128439493     
   3.05353750000000        3.66384500000000      -0.367914645948098     
   3.05353750000000        3.96899875000000      -0.365305139700760     
   3.05353750000000        4.27415250000000      -0.357875721443766     
   3.05353750000000        4.57930625000000      -0.346375763604541     
   3.05353750000000        4.88446000000000      -0.331324127199774     
   3.05353750000000        5.18961375000000      -0.313001399432132     
   3.05353750000000        5.49476750000000      -0.291769262428911     
   3.05353750000000        5.79992125000000      -0.268384143220307     
   3.05353750000000        6.10507500000000      -0.244196272578082     
   3.05353750000000        6.41022875000000      -0.220983345351883     
   3.05353750000000        6.71538250000000      -0.201685045898199     
   3.05353750000000        7.02053625000000      -0.189855941460540     
   3.05353750000000        7.32569000000000      -0.181184766574808     
   3.35869125000000       2.000000000000000E-003 -0.183016584424726     
   3.35869125000000       0.307153750000000      -0.188360795503007     
   3.35869125000000       0.612307500000000      -0.199588903494112     
   3.35869125000000       0.917461250000000      -0.221919580384473     
   3.35869125000000        1.22261500000000      -0.248049418683646     
   3.35869125000000        1.52776875000000      -0.273978642550361     
   3.35869125000000        1.83292250000000      -0.298504620960505     
   3.35869125000000        2.13807625000000      -0.320393176317207     
   3.35869125000000        2.44323000000000      -0.338935609532416     
   3.35869125000000        2.74838375000000      -0.353914499820202     
   3.35869125000000        3.05353750000000      -0.365306334404387     
   3.35869125000000        3.35869125000000      -0.372794338989449     
   3.35869125000000        3.66384500000000      -0.375494249876062     
   3.35869125000000        3.96899875000000      -0.372793819629179     
   3.35869125000000        4.27415250000000      -0.365305374525666     
   3.35869125000000        4.57930625000000      -0.353913446612489     
   3.35869125000000        4.88446000000000      -0.338934812380832     
   3.35869125000000        5.18961375000000      -0.320393250025735     
   3.35869125000000        5.49476750000000      -0.298506161542598     
   3.35869125000000        5.79992125000000      -0.273982262485779     
   3.35869125000000        6.10507500000000      -0.248056464047469     
   3.35869125000000        6.41022875000000      -0.221931923810682     
   3.35869125000000        6.71538250000000      -0.199606779504449     
   3.35869125000000        7.02053625000000      -0.188378132244333     
   3.35869125000000        7.32569000000000      -0.183014232498667     
   3.66384500000000       2.000000000000000E-003 -0.181133267992947     
   3.66384500000000       0.307153750000000      -0.185424979829443     
   3.66384500000000       0.612307500000000      -0.197323413097067     
   3.66384500000000       0.917461250000000      -0.221653864472321     
   3.66384500000000        1.22261500000000      -0.249220971461008     
   3.66384500000000        1.52776875000000      -0.275891515557978     
   3.66384500000000        1.83292250000000      -0.300843098810569     
   3.66384500000000        2.13807625000000      -0.322961705107761     
   3.66384500000000        2.44323000000000      -0.341573535487708     
   3.66384500000000        2.74838375000000      -0.356529533805210     
   3.66384500000000        3.05353750000000      -0.367914917675021     
   3.66384500000000        3.35869125000000      -0.375494311002374     
   3.66384500000000        3.66384500000000      -0.378277477259732     
   3.66384500000000        3.96899875000000      -0.375494306186839     
   3.66384500000000        4.27415250000000      -0.367914969592762     
   3.66384500000000        4.57930625000000      -0.356529661946628     
   3.66384500000000        4.88446000000000      -0.341573755392504     
   3.66384500000000        5.18961375000000      -0.322962153296898     
   3.66384500000000        5.49476750000000      -0.300843766765259     
   3.66384500000000        5.79992125000000      -0.275892519680533     
   3.66384500000000        6.10507500000000      -0.249222265870390     
   3.66384500000000        6.41022875000000      -0.221655503991432     
   3.66384500000000        6.71538250000000      -0.197325181968567     
   3.66384500000000        7.02053625000000      -0.185426243682139     
   3.66384500000000        7.32569000000000      -0.181134920491453     
   3.96899875000000       2.000000000000000E-003 -0.183012869437435     
   3.96899875000000       0.307153750000000      -0.188376560110939     
   3.96899875000000       0.612307500000000      -0.199604898737292     
   3.96899875000000       0.917461250000000      -0.221930282553658     
   3.96899875000000        1.22261500000000      -0.248055225486846     
   3.96899875000000        1.52776875000000      -0.273981344667242     
   3.96899875000000        1.83292250000000      -0.298505506464153     
   3.96899875000000        2.13807625000000      -0.320392837420450     
   3.96899875000000        2.44323000000000      -0.338934580346216     
   3.96899875000000        2.74838375000000      -0.353913228132177     
   3.96899875000000        3.05353750000000      -0.365305249688725     
   3.96899875000000        3.35869125000000      -0.372793700028968     
   3.96899875000000        3.66384500000000      -0.375494118975598     
   3.96899875000000        3.96899875000000      -0.372794266873402     
   3.96899875000000        4.27415250000000      -0.365306301190813     
   3.96899875000000        4.57930625000000      -0.353914584569340     
   3.96899875000000        4.88446000000000      -0.338935820768059     
   3.96899875000000        5.18961375000000      -0.320393640196186     
   3.96899875000000        5.49476750000000      -0.298505352146586     
   3.96899875000000        5.79992125000000      -0.273979637734150     
   3.96899875000000        6.10507500000000      -0.248050640801179     
   3.96899875000000        6.41022875000000      -0.221921021363690     
   3.96899875000000        6.71538250000000      -0.199590294983593     
   3.96899875000000        7.02053625000000      -0.188361844351594     
   3.96899875000000        7.32569000000000      -0.183017911261995     
   4.27415250000000       2.000000000000000E-003 -0.181183812803921     
   4.27415250000000       0.307153750000000      -0.189854643381627     
   4.27415250000000       0.612307500000000      -0.201683512318092     
   4.27415250000000       0.917461250000000      -0.220981939026875     
   4.27415250000000        1.22261500000000      -0.244195154191083     
   4.27415250000000        1.52776875000000      -0.268383319636456     
   4.27415250000000        1.83292250000000      -0.291768692524522     
   4.27415250000000        2.13807625000000      -0.313001008197497     
   4.27415250000000        2.44323000000000      -0.331323865906340     
   4.27415250000000        2.74838375000000      -0.346375531348364     
   4.27415250000000        3.05353750000000      -0.357875499398687     
   4.27415250000000        3.35869125000000      -0.365304904710041     
   4.27415250000000        3.66384500000000      -0.367914425173091     
   4.27415250000000        3.96899875000000      -0.365305934578812     
   4.27415250000000        4.27415250000000      -0.357877362542479     
   4.27415250000000        4.57930625000000      -0.346377835877584     
   4.27415250000000        4.88446000000000      -0.331326054633955     
   4.27415250000000        5.18961375000000      -0.313002188673914     
   4.27415250000000        5.49476750000000      -0.291768090819845     
   4.27415250000000        5.79992125000000      -0.268380094760895     
   4.27415250000000        6.10507500000000      -0.244188097072416     
   4.27415250000000        6.41022875000000      -0.220969174700926     
   4.27415250000000        6.71538250000000      -0.201666797293428     
   4.27415250000000        7.02053625000000      -0.189842863036918     
   4.27415250000000        7.32569000000000      -0.181191598204997     
   4.57930625000000       2.000000000000000E-003 -0.174237611078203     
   4.57930625000000       0.307153750000000      -0.185802393209702     
   4.57930625000000       0.612307500000000      -0.199116347458192     
   4.57930625000000       0.917461250000000      -0.216669096913279     
   4.57930625000000        1.22261500000000      -0.237428945710398     
   4.57930625000000        1.52776875000000      -0.259575738113020     
   4.57930625000000        1.83292250000000      -0.281390517291160     
   4.57930625000000        2.13807625000000      -0.301636668717013     
   4.57930625000000        2.44323000000000      -0.319563876745356     
   4.57930625000000        2.74838375000000      -0.334666581200982     
   4.57930625000000        3.05353750000000      -0.346375227917318     
   4.57930625000000        3.35869125000000      -0.353912682849876     
   4.57930625000000        3.66384500000000      -0.356528829377182     
   4.57930625000000        3.96899875000000      -0.353913900206939     
   4.57930625000000        4.27415250000000      -0.346377474583383     
   4.57930625000000        4.57930625000000      -0.334669428218270     
   4.57930625000000        4.88446000000000      -0.319566545656209     
   4.57930625000000        5.18961375000000      -0.301638165552558     
   4.57930625000000        5.49476750000000      -0.281389952063504     
   4.57930625000000        5.79992125000000      -0.259572353176316     
   4.57930625000000        6.10507500000000      -0.237422329143815     
   4.57930625000000        6.41022875000000      -0.216659060743665     
   4.57930625000000        6.71538250000000      -0.199105117427440     
   4.57930625000000        7.02053625000000      -0.185797025571438     
   4.57930625000000        7.32569000000000      -0.174245360470032     
   4.88446000000000       2.000000000000000E-003 -0.166075207840120     
   4.88446000000000       0.307153750000000      -0.178856444288485     
   4.88446000000000       0.612307500000000      -0.192897876129096     
   4.88446000000000       0.917461250000000      -0.209473098991795     
   4.88446000000000        1.22261500000000      -0.228322263816922     
   4.88446000000000        1.52776875000000      -0.248362761602956     
   4.88446000000000        1.83292250000000      -0.268374461910961     
   4.88446000000000        2.13807625000000      -0.287370014315936     
   4.88446000000000        2.44323000000000      -0.304643715375799     
   4.88446000000000        2.74838375000000      -0.319563765896795     
   4.88446000000000        3.05353750000000      -0.331323561846321     
   4.88446000000000        3.35869125000000      -0.338934128150114     
   4.88446000000000        3.66384500000000      -0.341573040341482     
   4.88446000000000        3.96899875000000      -0.338935188288687     
   4.88446000000000        4.27415250000000      -0.331325610180230     
   4.88446000000000        4.57930625000000      -0.319566343914631     
   4.88446000000000        4.88446000000000      -0.304646211227439     
   4.88446000000000        5.18961375000000      -0.287371517310507     
   4.88446000000000        5.49476750000000      -0.268374121283532     
   4.88446000000000        5.79992125000000      -0.248360060879187     
   4.88446000000000        6.10507500000000      -0.228317285575258     
   4.88446000000000        6.41022875000000      -0.209466832552121     
   4.88446000000000        6.71538250000000      -0.192892418724161     
   4.88446000000000        7.02053625000000      -0.178855368402136     
   4.88446000000000        7.32569000000000      -0.166081606379840     
   5.18961375000000       2.000000000000000E-003 -0.158809182725417     
   5.18961375000000       0.307153750000000      -0.171589567999741     
   5.18961375000000       0.612307500000000      -0.185434235716356     
   5.18961375000000       0.917461250000000      -0.200853770356680     
   5.18961375000000        1.22261500000000      -0.217780654449362     
   5.18961375000000        1.52776875000000      -0.235647747485379     
   5.18961375000000        1.83292250000000      -0.253680959529106     
   5.18961375000000        2.13807625000000      -0.271142102512217     
   5.18961375000000        2.44323000000000      -0.287370090618270     
   5.18961375000000        2.74838375000000      -0.301636839050495     
   5.18961375000000        3.05353750000000      -0.313001340475650     
   5.18961375000000        3.35869125000000      -0.320393331157961     
   5.18961375000000        3.66384500000000      -0.322962299171063     
   5.18961375000000        3.96899875000000      -0.320393747561310     
   5.18961375000000        4.27415250000000      -0.313002202063458     
   5.18961375000000        4.57930625000000      -0.301638110327554     
   5.18961375000000        4.88446000000000      -0.287371462511481     
   5.18961375000000        5.18961375000000      -0.271142939305037     
   5.18961375000000        5.49476750000000      -0.253680673904327     
   5.18961375000000        5.79992125000000      -0.235645970521378     
   5.18961375000000        6.10507500000000      -0.217777673647741     
   5.18961375000000        6.41022875000000      -0.200850534944537     
   5.18961375000000        6.71538250000000      -0.185432316338487     
   5.18961375000000        7.02053625000000      -0.171590692406754     
   5.18961375000000        7.32569000000000      -0.158814287741758     
   5.49476750000000       2.000000000000000E-003 -0.152681168142085     
   5.49476750000000       0.307153750000000      -0.164827647866042     
   5.49476750000000       0.612307500000000      -0.177836145107050     
   5.49476750000000       0.917461250000000      -0.191799906526777     
   5.49476750000000        1.22261500000000      -0.206663952238929     
   5.49476750000000        1.52776875000000      -0.222233485949390     
   5.49476750000000        1.83292250000000      -0.238089175202525     
   5.49476750000000        2.13807625000000      -0.253681038399954     
   5.49476750000000        2.44323000000000      -0.268374853341084     
   5.49476750000000        2.74838375000000      -0.281391461117257     
   5.49476750000000        3.05353750000000      -0.291770381659818     
   5.49476750000000        3.35869125000000      -0.298507911283467     
   5.49476750000000        3.66384500000000      -0.300845774142146     
   5.49476750000000        3.96899875000000      -0.298507112057014     
   5.49476750000000        4.27415250000000      -0.291769251162513     
   5.49476750000000        4.57930625000000      -0.281390469444626     
   5.49476750000000        4.88446000000000      -0.268374195607036     
   5.49476750000000        5.18961375000000      -0.253680586059295     
   5.49476750000000        5.49476750000000      -0.238088601647267     
   5.49476750000000        5.79992125000000      -0.222232618698093     
   5.49476750000000        6.10507500000000      -0.206663012178246     
   5.49476750000000        6.41022875000000      -0.191799501142243     
   5.49476750000000        6.71538250000000      -0.177837069996921     
   5.49476750000000        7.02053625000000      -0.164830416837554     
   5.49476750000000        7.32569000000000      -0.152685679678813     
   5.79992125000000       2.000000000000000E-003 -0.147819195089963     
   5.79992125000000       0.307153750000000      -0.159033253555484     
   5.79992125000000       0.612307500000000      -0.170786349342354     
   5.79992125000000       0.917461250000000      -0.183035348224177     
   5.79992125000000        1.22261500000000      -0.195699801546235     
   5.79992125000000        1.52776875000000      -0.208765717462674     
   5.79992125000000        1.83292250000000      -0.222233363494966     
   5.79992125000000        2.13807625000000      -0.235647819808688     
   5.79992125000000        2.44323000000000      -0.248363520513543     
   5.79992125000000        2.74838375000000      -0.259577757757677     
   5.79992125000000        3.05353750000000      -0.268387060083029     
   5.79992125000000        3.35869125000000      -0.273986706580807     
   5.79992125000000        3.66384500000000      -0.275897609018335     
   5.79992125000000        3.96899875000000      -0.273984090513822     
   5.79992125000000        4.27415250000000      -0.268383047125071     
   5.79992125000000        4.57930625000000      -0.259573732416469     
   5.79992125000000        4.88446000000000      -0.248360325093773     
   5.79992125000000        5.18961375000000      -0.235645709468053     
   5.79992125000000        5.49476750000000      -0.222232318611138     
   5.79992125000000        5.79992125000000      -0.208765726389963     
   5.79992125000000        6.10507500000000      -0.195701020219534     
   5.79992125000000        6.41022875000000      -0.183038026407806     
   5.79992125000000        6.71538250000000      -0.170790462100222     
   5.79992125000000        7.02053625000000      -0.159038102638384     
   5.79992125000000        7.32569000000000      -0.147823493131880     
   6.10507500000000       2.000000000000000E-003 -0.144182745609245     
   6.10507500000000       0.307153750000000      -0.154176808903484     
   6.10507500000000       0.612307500000000      -0.164339325362616     
   6.10507500000000       0.917461250000000      -0.174659063305218     
   6.10507500000000        1.22261500000000      -0.185082406212414     
   6.10507500000000        1.52776875000000      -0.195699412778518     
   6.10507500000000        1.83292250000000      -0.206663483930968     
   6.10507500000000        2.13807625000000      -0.217780477493157     
   6.10507500000000        2.44323000000000      -0.228323100998301     
   6.10507500000000        2.74838375000000      -0.237431862570171     
   6.10507500000000        3.05353750000000      -0.244201306713252     
   6.10507500000000        3.35869125000000      -0.248064849849278     
   6.10507500000000        3.66384500000000      -0.249232193441720     
   6.10507500000000        3.96899875000000      -0.248059048426398     
   6.10507500000000        4.27415250000000      -0.244193185884090     
   6.10507500000000        4.57930625000000      -0.237424397454292     
   6.10507500000000        4.88446000000000      -0.228317454058960     
   6.10507500000000        5.18961375000000      -0.217776988209331     
   6.10507500000000        5.49476750000000      -0.206662181967850     
   6.10507500000000        5.79992125000000      -0.195700437396466     
   6.10507500000000        6.10507500000000      -0.185086021189115     
   6.10507500000000        6.41022875000000      -0.174665643241025     
   6.10507500000000        6.71538250000000      -0.164348470033951     
   6.10507500000000        7.02053625000000      -0.154185949447957     
   6.10507500000000        7.32569000000000      -0.144187789865887     
   6.41022875000000       2.000000000000000E-003 -0.141516613505022     
   6.41022875000000       0.307153750000000      -0.149689627775513     
   6.41022875000000       0.612307500000000      -0.157986758901520     
   6.41022875000000       0.917461250000000      -0.166397545879354     
   6.41022875000000        1.22261500000000      -0.174658641591808     
   6.41022875000000        1.52776875000000      -0.183034455675080     
   6.41022875000000        1.83292250000000      -0.191798817976099     
   6.41022875000000        2.13807625000000      -0.200852839671154     
   6.41022875000000        2.44323000000000      -0.209473112567544     
   6.41022875000000        2.74838375000000      -0.216671650460608     
   6.41022875000000        3.05353750000000      -0.220989675850236     
   6.41022875000000        3.35869125000000      -0.221944541636794     
   6.41022875000000        3.66384500000000      -0.221671246431667     
   6.41022875000000        3.96899875000000      -0.221933675470068     
   6.41022875000000        4.27415250000000      -0.220975581455676     
   6.41022875000000        4.57930625000000      -0.216660602694787     
   6.41022875000000        4.88446000000000      -0.209466040955176     
   6.41022875000000        5.18961375000000      -0.200848952899042     
   6.41022875000000        5.49476750000000      -0.191797895107622     
   6.41022875000000        5.79992125000000      -0.183036762847594     
   6.41022875000000        6.10507500000000      -0.174665044852624     
   6.41022875000000        6.41022875000000      -0.166409694780714     
   6.41022875000000        6.71538250000000      -0.158005129677267     
   6.41022875000000        7.02053625000000      -0.149708604737535     
   6.41022875000000        7.32569000000000      -0.141524428122081     
   6.71538250000000       2.000000000000000E-003 -0.139143552997511     
   6.71538250000000       0.307153750000000      -0.144330099343271     
   6.71538250000000       0.612307500000000      -0.151001682308416     
   6.71538250000000       0.917461250000000      -0.157986851257108     
   6.71538250000000        1.22261500000000      -0.164338869338980     
   6.71538250000000        1.52776875000000      -0.170785188473253     
   6.71538250000000        1.83292250000000      -0.177834329405215     
   6.71538250000000        2.13807625000000      -0.185431914287362     
   6.71538250000000        2.44323000000000      -0.192895479267666     
   6.71538250000000        2.74838375000000      -0.199115463831230     
   6.71538250000000        3.05353750000000      -0.201688486438602     
   6.71538250000000        3.35869125000000      -0.199619711265005     
   6.71538250000000        3.66384500000000      -0.197343784371202     
   6.71538250000000        3.96899875000000      -0.199603307501152     
   6.71538250000000        4.27415250000000      -0.201670319613942     
   6.71538250000000        4.57930625000000      -0.199103144316374     
   6.71538250000000        4.88446000000000      -0.192889165270867     
   6.71538250000000        5.18961375000000      -0.185429275842253     
   6.71538250000000        5.49476750000000      -0.177834619267425     
   6.71538250000000        5.79992125000000      -0.170788786422149     
   6.71538250000000        6.10507500000000      -0.164347687615025     
   6.71538250000000        6.41022875000000      -0.158005126653562     
   6.71538250000000        6.71538250000000      -0.151033551344733     
   6.71538250000000        7.02053625000000      -0.144367276387079     
   6.71538250000000        7.32569000000000      -0.139156134708939     
   7.02053625000000       2.000000000000000E-003 -0.135769542677002     
   7.02053625000000       0.307153750000000      -0.138609528065513     
   7.02053625000000       0.612307500000000      -0.144331031184556     
   7.02053625000000       0.917461250000000      -0.149690357590991     
   7.02053625000000        1.22261500000000      -0.154176851470593     
   7.02053625000000        1.52776875000000      -0.159032271011588     
   7.02053625000000        1.83292250000000      -0.164825328121382     
   7.02053625000000        2.13807625000000      -0.171585557696750     
   7.02053625000000        2.44323000000000      -0.178850163386018     
   7.02053625000000        2.74838375000000      -0.185794578361389     
   7.02053625000000        3.05353750000000      -0.189849775332839     
   7.02053625000000        3.35869125000000      -0.188381658583265     
   7.02053625000000        3.66384500000000      -0.185437834648681     
   7.02053625000000        3.96899875000000      -0.188365456535280     
   7.02053625000000        4.27415250000000      -0.189836699105360     
   7.02053625000000        4.57930625000000      -0.185788186821269     
   7.02053625000000        4.88446000000000      -0.178848252629551     
   7.02053625000000        5.18961375000000      -0.171585938297836     
   7.02053625000000        5.49476750000000      -0.164827388937306     
   7.02053625000000        5.79992125000000      -0.159036483877604     
   7.02053625000000        6.10507500000000      -0.154185493614543     
   7.02053625000000        6.41022875000000      -0.149709122737942     
   7.02053625000000        6.71538250000000      -0.144368394834644     
   7.02053625000000        7.02053625000000      -0.138657883171637     
   7.02053625000000        7.32569000000000      -0.135781408277851     
   7.32569000000000       2.000000000000000E-003 -0.130244284834930     
   7.32569000000000       0.307153750000000      -0.135768051192447     
   7.32569000000000       0.612307500000000      -0.139143212419963     
   7.32569000000000       0.917461250000000      -0.141517441929197     
   7.32569000000000        1.22261500000000      -0.144183414817358     
   7.32569000000000        1.52776875000000      -0.147818696544998     
   7.32569000000000        1.83292250000000      -0.152678741968197     
   7.32569000000000        2.13807625000000      -0.158803970986436     
   7.32569000000000        2.44323000000000      -0.166065696322242     
   7.32569000000000        2.74838375000000      -0.174223294937466     
   7.32569000000000        3.05353750000000      -0.181167836693185     
   7.32569000000000        3.35869125000000      -0.183003973735642     
   7.32569000000000        3.66384500000000      -0.181134699178833     
   7.32569000000000        3.96899875000000      -0.183007456446334     
   7.32569000000000        4.27415250000000      -0.181174370340940     
   7.32569000000000        4.57930625000000      -0.174230023203842     
   7.32569000000000        4.88446000000000      -0.166071270790088     
   7.32569000000000        5.18961375000000      -0.158808329146638     
   7.32569000000000        5.49476750000000      -0.152682528463371     
   7.32569000000000        5.79992125000000      -0.147822278195590     
   7.32569000000000        6.10507500000000      -0.144187747035215     
   7.32569000000000        6.41022875000000      -0.141524589588009     
   7.32569000000000        6.71538250000000      -0.139155280765046     
   7.32569000000000        7.02053625000000      -0.135779590938524     
   7.32569000000000        7.32569000000000      -0.130245329422769     
