  2.000000000000000E-003  2.000000000000000E-003 -0.477527303521606     
  2.000000000000000E-003  0.307153750000000      -0.453579196714246     
  2.000000000000000E-003  0.612307500000000      -0.403355157384068     
  2.000000000000000E-003  0.917461250000000      -0.350769864535382     
  2.000000000000000E-003   1.22261500000000      -0.310711600982132     
  2.000000000000000E-003   1.52776875000000      -0.280006981828480     
  2.000000000000000E-003   1.83292250000000      -0.254401715928982     
  2.000000000000000E-003   2.13807625000000      -0.231540701907683     
  2.000000000000000E-003   2.44323000000000      -0.210513171696830     
  2.000000000000000E-003   2.74838375000000      -0.191055879899447     
  2.000000000000000E-003   3.05353750000000      -0.175163613719101     
  2.000000000000000E-003   3.35869125000000      -0.166864959047238     
  2.000000000000000E-003   3.66384500000000      -0.161812760571768     
  2.000000000000000E-003   3.96899875000000      -0.148810702291287     
  2.000000000000000E-003   4.27415250000000      -0.136262939683920     
  2.000000000000000E-003   4.57930625000000      -0.123041670172433     
  2.000000000000000E-003   4.88446000000000      -0.111571130660641     
  2.000000000000000E-003   5.18961375000000      -0.102496745148499     
  2.000000000000000E-003   5.49476750000000      -9.518891667877927E-002
  2.000000000000000E-003   5.79992125000000      -9.013063096073663E-002
  2.000000000000000E-003   6.10507500000000      -8.690038450404022E-002
  2.000000000000000E-003   6.41022875000000      -8.454590905751319E-002
  2.000000000000000E-003   6.71538250000000      -8.202634760381025E-002
  2.000000000000000E-003   7.02053625000000      -8.022168135778732E-002
  2.000000000000000E-003   7.32569000000000      -7.847442895937007E-002
  0.307153750000000       2.000000000000000E-003 -0.524477839050672     
  0.307153750000000       0.307153750000000      -0.470320759150621     
  0.307153750000000       0.612307500000000      -0.420923445312268     
  0.307153750000000       0.917461250000000      -0.376601946268005     
  0.307153750000000        1.22261500000000      -0.337306055074298     
  0.307153750000000        1.52776875000000      -0.303785858454160     
  0.307153750000000        1.83292250000000      -0.274528538975369     
  0.307153750000000        2.13807625000000      -0.248325941478653     
  0.307153750000000        2.44323000000000      -0.224856428462360     
  0.307153750000000        2.74838375000000      -0.203525812049455     
  0.307153750000000        3.05353750000000      -0.185894291091921     
  0.307153750000000        3.35869125000000      -0.174848598401169     
  0.307153750000000        3.66384500000000      -0.167045944466278     
  0.307153750000000        3.96899875000000      -0.153983856237571     
  0.307153750000000        4.27415250000000      -0.139712582732981     
  0.307153750000000        4.57930625000000      -0.126060916289417     
  0.307153750000000        4.88446000000000      -0.114422276963506     
  0.307153750000000        5.18961375000000      -0.105058415094437     
  0.307153750000000        5.49476750000000      -9.745209986256999E-002
  0.307153750000000        5.79992125000000      -9.201006840248438E-002
  0.307153750000000        6.10507500000000      -8.830712037813897E-002
  0.307153750000000        6.41022875000000      -8.542458125018625E-002
  0.307153750000000        6.71538250000000      -8.236374568246030E-002
  0.307153750000000        7.02053625000000      -8.059117893904622E-002
  0.307153750000000        7.32569000000000      -8.144197926091827E-002
  0.612307500000000       2.000000000000000E-003 -0.541664437753878     
  0.612307500000000       0.307153750000000      -0.505770798741367     
  0.612307500000000       0.612307500000000      -0.451784069812503     
  0.612307500000000       0.917461250000000      -0.405127697869222     
  0.612307500000000        1.22261500000000      -0.363310226662277     
  0.612307500000000        1.52776875000000      -0.325993059668085     
  0.612307500000000        1.83292250000000      -0.292802327780988     
  0.612307500000000        2.13807625000000      -0.263688861407685     
  0.612307500000000        2.44323000000000      -0.238376182887484     
  0.612307500000000        2.74838375000000      -0.215985920440996     
  0.612307500000000        3.05353750000000      -0.197214264270701     
  0.612307500000000        3.35869125000000      -0.182940518289902     
  0.612307500000000        3.66384500000000      -0.170938053649161     
  0.612307500000000        3.96899875000000      -0.157215341892732     
  0.612307500000000        4.27415250000000      -0.142390377714855     
  0.612307500000000        4.57930625000000      -0.128621421131296     
  0.612307500000000        4.88446000000000      -0.117035743192153     
  0.612307500000000        5.18961375000000      -0.107538523059169     
  0.612307500000000        5.49476750000000      -9.982185454519465E-002
  0.612307500000000        5.79992125000000      -9.400298177039254E-002
  0.612307500000000        6.10507500000000      -8.980839120816263E-002
  0.612307500000000        6.41022875000000      -8.653718380154349E-002
  0.612307500000000        6.71538250000000      -8.368697664248026E-002
  0.612307500000000        7.02053625000000      -8.196965274666215E-002
  0.612307500000000        7.32569000000000      -8.083258139519547E-002
  0.917461250000000       2.000000000000000E-003 -0.557065174942759     
  0.917461250000000       0.307153750000000      -0.534024328626183     
  0.917461250000000       0.612307500000000      -0.485294643060194     
  0.917461250000000       0.917461250000000      -0.434207796472659     
  0.917461250000000        1.22261500000000      -0.387160889373648     
  0.917461250000000        1.52776875000000      -0.344997600304223     
  0.917461250000000        1.83292250000000      -0.307847337939389     
  0.917461250000000        2.13807625000000      -0.276402655974792     
  0.917461250000000        2.44323000000000      -0.249360147850939     
  0.917461250000000        2.74838375000000      -0.225807512452420     
  0.917461250000000        3.05353750000000      -0.205680451388660     
  0.917461250000000        3.35869125000000      -0.188734905003349     
  0.917461250000000        3.66384500000000      -0.173621453176559     
  0.917461250000000        3.96899875000000      -0.158706871807251     
  0.917461250000000        4.27415250000000      -0.144020325094129     
  0.917461250000000        4.57930625000000      -0.130675206576609     
  0.917461250000000        4.88446000000000      -0.119301604868533     
  0.917461250000000        5.18961375000000      -0.109842351030560     
  0.917461250000000        5.49476750000000      -0.102118856600780     
  0.917461250000000        5.79992125000000      -9.596849160502088E-002
  0.917461250000000        6.10507500000000      -9.123857658552205E-002
  0.917461250000000        6.41022875000000      -8.746163104041497E-002
  0.917461250000000        6.71538250000000      -8.431034928571506E-002
  0.917461250000000        7.02053625000000      -8.164888439540233E-002
  0.917461250000000        7.32569000000000      -7.870808143607437E-002
   1.22261500000000       2.000000000000000E-003 -0.562940690008220     
   1.22261500000000       0.307153750000000      -0.546389836388718     
   1.22261500000000       0.612307500000000      -0.505023684321648     
   1.22261500000000       0.917461250000000      -0.454721739756744     
   1.22261500000000        1.22261500000000      -0.404690032313727     
   1.22261500000000        1.52776875000000      -0.358757813615149     
   1.22261500000000        1.83292250000000      -0.318998869800647     
   1.22261500000000        2.13807625000000      -0.285644004284724     
   1.22261500000000        2.44323000000000      -0.256913705355105     
   1.22261500000000        2.74838375000000      -0.232001225859236     
   1.22261500000000        3.05353750000000      -0.210496327373174     
   1.22261500000000        3.35869125000000      -0.191875492225878     
   1.22261500000000        3.66384500000000      -0.175164773183707     
   1.22261500000000        3.96899875000000      -0.159603127318071     
   1.22261500000000        4.27415250000000      -0.145194256938602     
   1.22261500000000        4.57930625000000      -0.132346836838996     
   1.22261500000000        4.88446000000000      -0.121258628787760     
   1.22261500000000        5.18961375000000      -0.111920044712577     
   1.22261500000000        5.49476750000000      -0.104172255313318     
   1.22261500000000        5.79992125000000      -9.775297919192974E-002
   1.22261500000000        6.10507500000000      -9.245444866760873E-002
   1.22261500000000        6.41022875000000      -8.798228420580075E-002
   1.22261500000000        6.71538250000000      -8.406344867774325E-002
   1.22261500000000        7.02053625000000      -8.043310650962897E-002
   1.22261500000000        7.32569000000000      -7.669274345710217E-002
   1.52776875000000       2.000000000000000E-003 -0.559091956535969     
   1.52776875000000       0.307153750000000      -0.545748900087280     
   1.52776875000000       0.612307500000000      -0.510555266230168     
   1.52776875000000       0.917461250000000      -0.463304897275455     
   1.52776875000000        1.22261500000000      -0.413177373880996     
   1.52776875000000        1.52776875000000      -0.366273327316302     
   1.52776875000000        1.83292250000000      -0.325813401907736     
   1.52776875000000        2.13807625000000      -0.290822401016459     
   1.52776875000000        2.44323000000000      -0.260645242382803     
   1.52776875000000        2.74838375000000      -0.234720217002066     
   1.52776875000000        3.05353750000000      -0.212416957697576     
   1.52776875000000        3.35869125000000      -0.193005563774820     
   1.52776875000000        3.66384500000000      -0.175754612442450     
   1.52776875000000        3.96899875000000      -0.160166609164988     
   1.52776875000000        4.27415250000000      -0.146115115203106     
   1.52776875000000        4.57930625000000      -0.133679538679438     
   1.52776875000000        4.88446000000000      -0.122908898944803     
   1.52776875000000        5.18961375000000      -0.113724776977785     
   1.52776875000000        5.49476750000000      -0.105931761055020     
   1.52776875000000        5.79992125000000      -9.926928485409514E-002
   1.52776875000000        6.10507500000000      -9.346740729401593E-002
   1.52776875000000        6.41022875000000      -8.832701191756658E-002
   1.52776875000000        6.71538250000000      -8.368734272712554E-002
   1.52776875000000        7.02053625000000      -7.939819059270606E-002
   1.52776875000000        7.32569000000000      -7.530658860232604E-002
   1.83292250000000       2.000000000000000E-003 -0.547088099263855     
   1.83292250000000       0.307153750000000      -0.535667140485864     
   1.83292250000000       0.612307500000000      -0.503949636644405     
   1.83292250000000       0.917461250000000      -0.460140506996201     
   1.83292250000000        1.22261500000000      -0.413364511423593     
   1.83292250000000        1.52776875000000      -0.368504554793016     
   1.83292250000000        1.83292250000000      -0.327545298743241     
   1.83292250000000        2.13807625000000      -0.291422449428369     
   1.83292250000000        2.44323000000000      -0.260395380927163     
   1.83292250000000        2.74838375000000      -0.234120803029562     
   1.83292250000000        3.05353750000000      -0.211811532624255     
   1.83292250000000        3.35869125000000      -0.192527352321568     
   1.83292250000000        3.66384500000000      -0.175477894592165     
   1.83292250000000        3.96899875000000      -0.160205415102858     
   1.83292250000000        4.27415250000000      -0.146568949254170     
   1.83292250000000        4.57930625000000      -0.134567993421378     
   1.83292250000000        4.88446000000000      -0.124156836066750     
   1.83292250000000        5.18961375000000      -0.115170367873715     
   1.83292250000000        5.49476750000000      -0.107360906611953     
   1.83292250000000        5.79992125000000      -0.100474689306627     
   1.83292250000000        6.10507500000000      -9.430452402100235E-002
   1.83292250000000        6.41022875000000      -8.869919740432274E-002
   1.83292250000000        6.71538250000000      -8.356627409040256E-002
   1.83292250000000        7.02053625000000      -7.888183116696089E-002
   1.83292250000000        7.32569000000000      -7.461644034695268E-002
   2.13807625000000       2.000000000000000E-003 -0.531330947171873     
   2.13807625000000       0.307153750000000      -0.520617195938111     
   2.13807625000000       0.612307500000000      -0.491888508048768     
   2.13807625000000       0.917461250000000      -0.452273399471530     
   2.13807625000000        1.22261500000000      -0.408284918323781     
   2.13807625000000        1.52776875000000      -0.364383819026845     
   2.13807625000000        1.83292250000000      -0.323433642389217     
   2.13807625000000        2.13807625000000      -0.287166279935773     
   2.13807625000000        2.44323000000000      -0.256280378987102     
   2.13807625000000        2.74838375000000      -0.230511101234603     
   2.13807625000000        3.05353750000000      -0.208925186144514     
   2.13807625000000        3.35869125000000      -0.190396418127157     
   2.13807625000000        3.66384500000000      -0.174036247011234     
   2.13807625000000        3.96899875000000      -0.159384397784438     
   2.13807625000000        4.27415250000000      -0.146324318455118     
   2.13807625000000        4.57930625000000      -0.134849892030029     
   2.13807625000000        4.88446000000000      -0.124866831965000     
   2.13807625000000        5.18961375000000      -0.116142159244347     
   2.13807625000000        5.49476750000000      -0.108385073984631     
   2.13807625000000        5.79992125000000      -0.101356653964026     
   2.13807625000000        6.10507500000000      -9.492166145960329E-002
   2.13807625000000        6.41022875000000      -8.902865617609394E-002
   2.13807625000000        6.71538250000000      -8.366301421951097E-002
   2.13807625000000        7.02053625000000      -7.881840877050583E-002
   2.13807625000000        7.32569000000000      -7.448418985289276E-002
   2.44323000000000       2.000000000000000E-003 -0.528933908036151     
   2.44323000000000       0.307153750000000      -0.516123168455301     
   2.44323000000000       0.612307500000000      -0.482945187241744     
   2.44323000000000       0.917461250000000      -0.440847908518929     
   2.44323000000000        1.22261500000000      -0.396527057041123     
   2.44323000000000        1.52776875000000      -0.353313370398343     
   2.44323000000000        1.83292250000000      -0.313412423898059     
   2.44323000000000        2.13807625000000      -0.278361364720967     
   2.44323000000000        2.44323000000000      -0.248812837346544     
   2.44323000000000        2.74838375000000      -0.224432482014235     
   2.44323000000000        3.05353750000000      -0.204175778659421     
   2.44323000000000        3.35869125000000      -0.186820259877125     
   2.44323000000000        3.66384500000000      -0.171445451948291     
   2.44323000000000        3.96899875000000      -0.157620508950429     
   2.44323000000000        4.27415250000000      -0.145274533415334     
   2.44323000000000        4.57930625000000      -0.134418140666965     
   2.44323000000000        4.88446000000000      -0.124931265903540     
   2.44323000000000        5.18961375000000      -0.116535434181502     
   2.44323000000000        5.49476750000000      -0.108914998447742     
   2.44323000000000        5.79992125000000      -0.101853486830879     
   2.44323000000000        6.10507500000000      -9.528009027569852E-002
   2.44323000000000        6.41022875000000      -8.921906274329544E-002
   2.44323000000000        6.71538250000000      -8.371142415292894E-002
   2.44323000000000        7.02053625000000      -7.878702358575514E-002
   2.44323000000000        7.32569000000000      -7.447174971603437E-002
   2.74838375000000       2.000000000000000E-003 -0.527114480606085     
   2.74838375000000       0.307153750000000      -0.512187621197246     
   2.74838375000000       0.612307500000000      -0.473896771308602     
   2.74838375000000       0.917461250000000      -0.425324216086869     
   2.74838375000000        1.22261500000000      -0.378427996303667     
   2.74838375000000        1.52776875000000      -0.336206132906985     
   2.74838375000000        1.83292250000000      -0.298560492086897     
   2.74838375000000        2.13807625000000      -0.266035047588924     
   2.74838375000000        2.44323000000000      -0.238870570339356     
   2.74838375000000        2.74838375000000      -0.216570980146941     
   2.74838375000000        3.05353750000000      -0.198045897790683     
   2.74838375000000        3.35869125000000      -0.182093051884012     
   2.74838375000000        3.66384500000000      -0.167852947681230     
   2.74838375000000        3.96899875000000      -0.154968898302399     
   2.74838375000000        4.27415250000000      -0.143425607495990     
   2.74838375000000        4.57930625000000      -0.133250083738181     
   2.74838375000000        4.88446000000000      -0.124304433417272     
   2.74838375000000        5.18961375000000      -0.116285658998733     
   2.74838375000000        5.49476750000000      -0.108875890258501     
   2.74838375000000        5.79992125000000      -0.101889602634446     
   2.74838375000000        6.10507500000000      -9.530724334896964E-002
   2.74838375000000        6.41022875000000      -8.919449129892673E-002
   2.74838375000000        6.71538250000000      -8.362941245432455E-002
   2.74838375000000        7.02053625000000      -7.878503643277611E-002
   2.74838375000000        7.32569000000000      -7.468108111082113E-002
   3.05353750000000       2.000000000000000E-003 -0.513860041584076     
   3.05353750000000       0.307153750000000      -0.496443741922322     
   3.05353750000000       0.612307500000000      -0.454080817130976     
   3.05353750000000       0.917461250000000      -0.403656423778557     
   3.05353750000000        1.22261500000000      -0.355676666423750     
   3.05353750000000        1.52776875000000      -0.315197080875418     
   3.05353750000000        1.83292250000000      -0.280768853811505     
   3.05353750000000        2.13807625000000      -0.251620828026743     
   3.05353750000000        2.44323000000000      -0.227444033376647     
   3.05353750000000        2.74838375000000      -0.207572154205085     
   3.05353750000000        3.05353750000000      -0.190943884088023     
   3.05353750000000        3.35869125000000      -0.176473008975046     
   3.05353750000000        3.66384500000000      -0.163427044671852     
   3.05353750000000        3.96899875000000      -0.151543928231877     
   3.05353750000000        4.27415250000000      -0.140854918832649     
   3.05353750000000        4.57930625000000      -0.131391023820300     
   3.05353750000000        4.88446000000000      -0.123000363632088     
   3.05353750000000        5.18961375000000      -0.115377518838409     
   3.05353750000000        5.49476750000000      -0.108227261100981     
   3.05353750000000        5.79992125000000      -0.101404231741592     
   3.05353750000000        6.10507500000000      -9.492689429092026E-002
   3.05353750000000        6.41022875000000      -8.885747103536656E-002
   3.05353750000000        6.71538250000000      -8.334663159220447E-002
   3.05353750000000        7.02053625000000      -7.876263294779123E-002
   3.05353750000000        7.32569000000000      -7.509076136411104E-002
   3.35869125000000       2.000000000000000E-003 -0.482709476185448     
   3.35869125000000       0.307153750000000      -0.465520016070222     
   3.35869125000000       0.612307500000000      -0.423979157773757     
   3.35869125000000       0.917461250000000      -0.375208385542444     
   3.35869125000000        1.22261500000000      -0.329982829683324     
   3.35869125000000        1.52776875000000      -0.292496474113172     
   3.35869125000000        1.83292250000000      -0.261859965933452     
   3.35869125000000        2.13807625000000      -0.236377881247962     
   3.35869125000000        2.44323000000000      -0.215310259093675     
   3.35869125000000        2.74838375000000      -0.197888582630088     
   3.35869125000000        3.05353750000000      -0.183142059657381     
   3.35869125000000        3.35869125000000      -0.170148168662136     
   3.35869125000000        3.66384500000000      -0.158319443648832     
   3.35869125000000        3.96899875000000      -0.147475726611944     
   3.35869125000000        4.27415250000000      -0.137669374760783     
   3.35869125000000        4.57930625000000      -0.128920659463499     
   3.35869125000000        4.88446000000000      -0.121071708661773     
   3.35869125000000        5.18961375000000      -0.113839063825855     
   3.35869125000000        5.49476750000000      -0.106973375952717     
   3.35869125000000        5.79992125000000      -0.100376738083633     
   3.35869125000000        6.10507500000000      -9.409255033407006E-002
   3.35869125000000        6.41022875000000      -8.812612148640796E-002
   3.35869125000000        6.71538250000000      -8.273028298398870E-002
   3.35869125000000        7.02053625000000      -7.854945357751121E-002
   3.35869125000000        7.32569000000000      -7.540165928478240E-002
   3.66384500000000       2.000000000000000E-003 -0.434374950417272     
   3.66384500000000       0.307153750000000      -0.423030227725473     
   3.66384500000000       0.612307500000000      -0.387257420029781     
   3.66384500000000       0.917461250000000      -0.343155162303039     
   3.66384500000000        1.22261500000000      -0.302604115414851     
   3.66384500000000        1.52776875000000      -0.269411655662173     
   3.66384500000000        1.83292250000000      -0.242856133243666     
   3.66384500000000        2.13807625000000      -0.220981911099540     
   3.66384500000000        2.44323000000000      -0.202878005821810     
   3.66384500000000        2.74838375000000      -0.187775697715787     
   3.66384500000000        3.05353750000000      -0.174830333367020     
   3.66384500000000        3.35869125000000      -0.163286489175309     
   3.66384500000000        3.66384500000000      -0.152685430995748     
   3.66384500000000        3.96899875000000      -0.142900880308729     
   3.66384500000000        4.27415250000000      -0.133980603383594     
   3.66384500000000        4.57930625000000      -0.125926574485007     
   3.66384500000000        4.88446000000000      -0.118589120953343     
   3.66384500000000        5.18961375000000      -0.111730482199642     
   3.66384500000000        5.49476750000000      -0.105164230873131     
   3.66384500000000        5.79992125000000      -9.884159286598783E-002
   3.66384500000000        6.10507500000000      -9.281620515619403E-002
   3.66384500000000        6.41022875000000      -8.707027840695568E-002
   3.66384500000000        6.71538250000000      -8.190791309202852E-002
   3.66384500000000        7.02053625000000      -7.816844505187820E-002
   3.66384500000000        7.32569000000000      -7.557524114671552E-002
   3.96899875000000       2.000000000000000E-003 -0.389402438290597     
   3.96899875000000       0.307153750000000      -0.377257279703082     
   3.96899875000000       0.612307500000000      -0.345722044868420     
   3.96899875000000       0.917461250000000      -0.308184194743435     
   3.96899875000000        1.22261500000000      -0.273945821424757     
   3.96899875000000        1.52776875000000      -0.246162771186151     
   3.96899875000000        1.83292250000000      -0.223931382298553     
   3.96899875000000        2.13807625000000      -0.205586123254749     
   3.96899875000000        2.44323000000000      -0.190312764360004     
   3.96899875000000        2.74838375000000      -0.177429733755883     
   3.96899875000000        3.05353750000000      -0.166230419539622     
   3.96899875000000        3.35869125000000      -0.156111188868608     
   3.96899875000000        3.66384500000000      -0.146721531450360     
   3.96899875000000        3.96899875000000      -0.137972260268407     
   3.96899875000000        4.27415250000000      -0.129898561457037     
   3.96899875000000        4.57930625000000      -0.122490975202930     
   3.96899875000000        4.88446000000000      -0.115626455495273     
   3.96899875000000        5.18961375000000      -0.109129919186032     
   3.96899875000000        5.49476750000000      -0.102883402783657     
   3.96899875000000        5.79992125000000      -9.688126783137620E-002
   3.96899875000000        6.10507500000000      -9.118777762140197E-002
   3.96899875000000        6.41022875000000      -8.582299267050263E-002
   3.96899875000000        6.71538250000000      -8.107133894650378E-002
   3.96899875000000        7.02053625000000      -7.750861142822740E-002
   3.96899875000000        7.32569000000000      -7.477279426696923E-002
   4.27415250000000       2.000000000000000E-003 -0.330114592996322     
   4.27415250000000       0.307153750000000      -0.320831985262304     
   4.27415250000000       0.612307500000000      -0.297674839872848     
   4.27415250000000       0.917461250000000      -0.269964993605535     
   4.27415250000000        1.22261500000000      -0.244048267448544     
   4.27415250000000        1.52776875000000      -0.222664303053156     
   4.27415250000000        1.83292250000000      -0.205017766870898     
   4.27415250000000        2.13807625000000      -0.190255630113819     
   4.27415250000000        2.44323000000000      -0.177814029403250     
   4.27415250000000        2.74838375000000      -0.167138451073698     
   4.27415250000000        3.05353750000000      -0.157658953774874     
   4.27415250000000        3.35869125000000      -0.148914412905846     
   4.27415250000000        3.66384500000000      -0.140659276674902     
   4.27415250000000        3.96899875000000      -0.132849060787233     
   4.27415250000000        4.27415250000000      -0.125523566856923     
   4.27415250000000        4.57930625000000      -0.118683878312533     
   4.27415250000000        4.88446000000000      -0.112251275812755     
   4.27415250000000        5.18961375000000      -0.106118044423362     
   4.27415250000000        5.49476750000000      -0.100224884273374     
   4.27415250000000        5.79992125000000      -9.459280617418470E-002
   4.27415250000000        6.10507500000000      -8.928954140659394E-002
   4.27415250000000        6.41022875000000      -8.437501221096184E-002
   4.27415250000000        6.71538250000000      -8.004852712398197E-002
   4.27415250000000        7.02053625000000      -7.659659686176291E-002
   4.27415250000000        7.32569000000000      -7.374400990561704E-002
   4.57930625000000       2.000000000000000E-003 -0.267818110392317     
   4.57930625000000       0.307153750000000      -0.262530522113868     
   4.57930625000000       0.612307500000000      -0.248910927796890     
   4.57930625000000       0.917461250000000      -0.231605739284286     
   4.57930625000000        1.22261500000000      -0.214555044898395     
   4.57930625000000        1.52776875000000      -0.199470753476112     
   4.57930625000000        1.83292250000000      -0.186479894712138     
   4.57930625000000        2.13807625000000      -0.175367030268575     
   4.57930625000000        2.44323000000000      -0.165785060962611     
   4.57930625000000        2.74838375000000      -0.157295845151088     
   4.57930625000000        3.05353750000000      -0.149461711826785     
   4.57930625000000        3.35869125000000      -0.141968127063769     
   4.57930625000000        3.66384500000000      -0.134689064017795     
   4.57930625000000        3.96899875000000      -0.127650313710186     
   4.57930625000000        4.27415250000000      -0.120928100049730     
   4.57930625000000        4.57930625000000      -0.114560439915318     
   4.57930625000000        4.88446000000000      -0.108523375455559     
   4.57930625000000        5.18961375000000      -0.102767953367832     
   4.57930625000000        5.49476750000000      -9.727132635402477E-002
   4.57930625000000        5.79992125000000      -9.205564073293772E-002
   4.57930625000000        6.10507500000000      -8.716929268830910E-002
   4.57930625000000        6.41022875000000      -8.266445945145873E-002
   4.57930625000000        6.71538250000000      -7.863094412840463E-002
   4.57930625000000        7.02053625000000      -7.517047472077054E-002
   4.57930625000000        7.32569000000000      -7.209155499960798E-002
   4.88446000000000       2.000000000000000E-003 -0.216596175665283     
   4.88446000000000       0.307153750000000      -0.214079615308579     
   4.88446000000000       0.612307500000000      -0.207219746415855     
   4.88446000000000       0.917461250000000      -0.197704935670167     
   4.88446000000000        1.22261500000000      -0.187520576916509     
   4.88446000000000        1.52776875000000      -0.177882479411901     
   4.88446000000000        1.83292250000000      -0.169246270163774     
   4.88446000000000        2.13807625000000      -0.161611853295588     
   4.88446000000000        2.44323000000000      -0.154728180028322     
   4.88446000000000        2.74838375000000      -0.148245141045444     
   4.88446000000000        3.05353750000000      -0.141855189368726     
   4.88446000000000        3.35869125000000      -0.135396819554135     
   4.88446000000000        3.66384500000000      -0.128877396037578     
   4.88446000000000        3.96899875000000      -0.122414988017356     
   4.88446000000000        4.27415250000000      -0.116147285912793     
   4.88446000000000        4.57930625000000      -0.110165572999619     
   4.88446000000000        4.88446000000000      -0.104499946732877     
   4.88446000000000        5.18961375000000      -9.914364151459808E-002
   4.88446000000000        5.49476750000000      -9.408543526142352E-002
   4.88446000000000        5.79992125000000      -8.932431959806605E-002
   4.88446000000000        6.10507500000000      -8.486713675989431E-002
   4.88446000000000        6.41022875000000      -8.072649091602437E-002
   4.88446000000000        6.71538250000000      -7.692601206294497E-002
   4.88446000000000        7.02053625000000      -7.348156447037696E-002
   4.88446000000000        7.32569000000000      -7.031271594477298E-002
   5.18961375000000       2.000000000000000E-003 -0.178615743408129     
   5.18961375000000       0.307153750000000      -0.177544054506014     
   5.18961375000000       0.612307500000000      -0.174463692711878     
   5.18961375000000       0.917461250000000      -0.169901868390542     
   5.18961375000000        1.22261500000000      -0.164636004059886     
   5.18961375000000        1.52776875000000      -0.159335125580983     
   5.18961375000000        1.83292250000000      -0.154330092549981     
   5.18961375000000        2.13807625000000      -0.149609828963333     
   5.18961375000000        2.44323000000000      -0.144948722339550     
   5.18961375000000        2.74838375000000      -0.140073578455513     
   5.18961375000000        3.05353750000000      -0.134804189295207     
   5.18961375000000        3.35869125000000      -0.129122409316441     
   5.18961375000000        3.66384500000000      -0.123157807242641     
   5.18961375000000        3.96899875000000      -0.117116309169529     
   5.18961375000000        4.27415250000000      -0.111199112488712     
   5.18961375000000        4.57930625000000      -0.105550681035347     
   5.18961375000000        4.88446000000000      -0.100246587493093     
   5.18961375000000        5.18961375000000      -9.530689370809639E-002
   5.18961375000000        5.49476750000000      -9.071556862006801E-002
   5.18961375000000        5.79992125000000      -8.643614908961784E-002
   5.18961375000000        6.10507500000000      -8.242655755358033E-002
   5.18961375000000        6.41022875000000      -7.865586298908285E-002
   5.18961375000000        6.71538250000000      -7.511439812298350E-002
   5.18961375000000        7.02053625000000      -7.180258769924663E-002
   5.18961375000000        7.32569000000000      -6.870208682736301E-002
   5.49476750000000       2.000000000000000E-003 -0.149812557066379     
   5.49476750000000       0.307153750000000      -0.149703863121602     
   5.49476750000000       0.612307500000000      -0.149364233394053     
   5.49476750000000       0.917461250000000      -0.148464943670948     
   5.49476750000000        1.22261500000000      -0.146793106542221     
   5.49476750000000        1.52776875000000      -0.144613529477176     
   5.49476750000000        1.83292250000000      -0.142182377741598     
   5.49476750000000        2.13807625000000      -0.139484516701099     
   5.49476750000000        2.44323000000000      -0.136335055835103     
   5.49476750000000        2.74838375000000      -0.132548239229164     
   5.49476750000000        3.05353750000000      -0.128057048382586     
   5.49476750000000        3.35869125000000      -0.122946330552363     
   5.49476750000000        3.66384500000000      -0.117418448985720     
   5.49476750000000        3.96899875000000      -0.111729960075147     
   5.49476750000000        4.27415250000000      -0.106126520031722     
   5.49476750000000        4.57930625000000      -0.100795732524515     
   5.49476750000000        4.88446000000000      -9.584979022044403E-002
   5.49476750000000        5.18961375000000      -9.132853012542307E-002
   5.49476750000000        5.49476750000000      -8.720902810763574E-002
   5.49476750000000        5.79992125000000      -8.342315039510606E-002
   5.49476750000000        6.10507500000000      -7.988714839921161E-002
   5.49476750000000        6.41022875000000      -7.653270937451531E-002
   5.49476750000000        6.71538250000000      -7.332517898381906E-002
   5.49476750000000        7.02053625000000      -7.026118539454862E-002
   5.49476750000000        7.32569000000000      -6.733551611629142E-002
   5.79992125000000       2.000000000000000E-003 -0.130833893467317     
   5.79992125000000       0.307153750000000      -0.131317269212496     
   5.79992125000000       0.612307500000000      -0.132354596039805     
   5.79992125000000       0.917461250000000      -0.133306766461841     
   5.79992125000000        1.22261500000000      -0.133723729107332     
   5.79992125000000        1.52776875000000      -0.133430868754560     
   5.79992125000000        1.83292250000000      -0.132415173157002     
   5.79992125000000        2.13807625000000      -0.130779724867329     
   5.79992125000000        2.44323000000000      -0.128431311584669     
   5.79992125000000        2.74838375000000      -0.125282478597643     
   5.79992125000000        3.05353750000000      -0.121346436273613     
   5.79992125000000        3.35869125000000      -0.116736376866557     
   5.79992125000000        3.66384500000000      -0.111639972148032     
   5.79992125000000        3.96899875000000      -0.106310952073579     
   5.79992125000000        4.27415250000000      -0.101028204766086     
   5.79992125000000        4.57930625000000      -9.601818522831826E-002
   5.79992125000000        4.88446000000000      -9.142104039229551E-002
   5.79992125000000        5.18961375000000      -8.729559754094182E-002
   5.79992125000000        5.49476750000000      -8.362259571848669E-002
   5.79992125000000        5.79992125000000      -8.032057145470199E-002
   5.79992125000000        6.10507500000000      -7.728602230184528E-002
   5.79992125000000        6.41022875000000      -7.442803753659889E-002
   5.79992125000000        6.71538250000000      -7.167790349212907E-002
   5.79992125000000        7.02053625000000      -6.897834345996240E-002
   5.79992125000000        7.32569000000000      -6.627800708938748E-002
   6.10507500000000       2.000000000000000E-003 -0.120192806141056     
   6.10507500000000       0.307153750000000      -0.120932997545050     
   6.10507500000000       0.612307500000000      -0.122490347819723     
   6.10507500000000       0.917461250000000      -0.123812353983940     
   6.10507500000000        1.22261500000000      -0.124565144545917     
   6.10507500000000        1.52776875000000      -0.124694515057769     
   6.10507500000000        1.83292250000000      -0.124103145355931     
   6.10507500000000        2.13807625000000      -0.122789788305948     
   6.10507500000000        2.44323000000000      -0.120758968404363     
   6.10507500000000        2.74838375000000      -0.118015850398957     
   6.10507500000000        3.05353750000000      -0.114617118915717     
   6.10507500000000        3.35869125000000      -0.110599610424509     
   6.10507500000000        3.66384500000000      -0.105988055098272     
   6.10507500000000        3.96899875000000      -0.101008150290222     
   6.10507500000000        4.27415250000000      -9.603452882038271E-002
   6.10507500000000        4.57930625000000      -9.135123654041323E-002
   6.10507500000000        4.88446000000000      -8.708583136949584E-002
   6.10507500000000        5.18961375000000      -8.330837881830980E-002
   6.10507500000000        5.49476750000000      -8.002139884337253E-002
   6.10507500000000        5.79992125000000      -7.715788043910810E-002
   6.10507500000000        6.10507500000000      -7.464193690180569E-002
   6.10507500000000        6.41022875000000      -7.233499005431024E-002
   6.10507500000000        6.71538250000000      -7.011760253881043E-002
   6.10507500000000        7.02053625000000      -6.788542842027966E-002
   6.10507500000000        7.32569000000000      -6.547261320664009E-002
   6.41022875000000       2.000000000000000E-003 -0.115314777263427     
   6.41022875000000       0.307153750000000      -0.116029116245111     
   6.41022875000000       0.612307500000000      -0.116996601425979     
   6.41022875000000       0.917461250000000      -0.117437087634627     
   6.41022875000000        1.22261500000000      -0.117495466193256     
   6.41022875000000        1.52776875000000      -0.117186767489396     
   6.41022875000000        1.83292250000000      -0.116386399984279     
   6.41022875000000        2.13807625000000      -0.115021617619577     
   6.41022875000000        2.44323000000000      -0.113115498835787     
   6.41022875000000        2.74838375000000      -0.110758624207210     
   6.41022875000000        3.05353750000000      -0.107949682908097     
   6.41022875000000        3.35869125000000      -0.104570392866001     
   6.41022875000000        3.66384500000000      -0.100517055754197     
   6.41022875000000        3.96899875000000      -9.591326918437872E-002
   6.41022875000000        4.27415250000000      -9.123903324491264E-002
   6.41022875000000        4.57930625000000      -8.689292443529005E-002
   6.41022875000000        4.88446000000000      -8.296610723233976E-002
   6.41022875000000        5.18961375000000      -7.947056042511086E-002
   6.41022875000000        5.49476750000000      -7.646837898239382E-002
   6.41022875000000        5.79992125000000      -7.397488246139249E-002
   6.41022875000000        6.10507500000000      -7.193898630382980E-002
   6.41022875000000        6.41022875000000      -7.012206643654548E-002
   6.41022875000000        6.71538250000000      -6.836940613499795E-002
   6.41022875000000        7.02053625000000      -6.667475304494526E-002
   6.41022875000000        7.32569000000000      -6.473878423686832E-002
   6.71538250000000       2.000000000000000E-003 -0.112439591787512     
   6.71538250000000       0.307153750000000      -0.112553368849003     
   6.71538250000000       0.612307500000000      -0.111608171463436     
   6.71538250000000       0.917461250000000      -0.111031398529144     
   6.71538250000000        1.22261500000000      -0.110638403088200     
   6.71538250000000        1.52776875000000      -0.109971147783652     
   6.71538250000000        1.83292250000000      -0.108895705030777     
   6.71538250000000        2.13807625000000      -0.107422486953627     
   6.71538250000000        2.44323000000000      -0.105603141067638     
   6.71538250000000        2.74838375000000      -0.103482300273192     
   6.71538250000000        3.05353750000000      -0.101091833620452     
   6.71538250000000        3.35869125000000      -9.862939598828586E-002
   6.71538250000000        3.66384500000000      -9.545827882330069E-002
   6.71538250000000        3.96899875000000      -9.130130957187592E-002
   6.71538250000000        4.27415250000000      -8.699687806581850E-002
   6.71538250000000        4.57930625000000      -8.287355093364167E-002
   6.71538250000000        4.88446000000000      -7.918610505209622E-002
   6.71538250000000        5.18961375000000      -7.588180968623093E-002
   6.71538250000000        5.49476750000000      -7.303631198018480E-002
   6.71538250000000        5.79992125000000      -7.084675814093550E-002
   6.71538250000000        6.10507500000000      -6.920079541159205E-002
   6.71538250000000        6.41022875000000      -6.769913449063628E-002
   6.71538250000000        6.71538250000000      -6.603702687140613E-002
   6.71538250000000        7.02053625000000      -6.474355360314103E-002
   6.71538250000000        7.32569000000000      -6.377826347003367E-002
   7.02053625000000       2.000000000000000E-003 -0.107178739172548     
   7.02053625000000       0.307153750000000      -0.105801660283517     
   7.02053625000000       0.612307500000000      -0.101890736795375     
   7.02053625000000       0.917461250000000      -0.102646211046502     
   7.02053625000000        1.22261500000000      -0.103227131975337     
   7.02053625000000        1.52776875000000      -0.102820352522803     
   7.02053625000000        1.83292250000000      -0.101748198778394     
   7.02053625000000        2.13807625000000      -0.100250837995899     
   7.02053625000000        2.44323000000000      -9.844045620625552E-002
   7.02053625000000        2.74838375000000      -9.622637014123279E-002
   7.02053625000000        3.05353750000000      -9.413490803249649E-002
   7.02053625000000        3.35869125000000      -9.307290364977046E-002
   7.02053625000000        3.66384500000000      -9.143238509681569E-002
   7.02053625000000        3.96899875000000      -8.761930086942726E-002
   7.02053625000000        4.27415250000000      -8.381886025373871E-002
   7.02053625000000        4.57930625000000      -7.972870761685852E-002
   7.02053625000000        4.88446000000000      -7.589715676345711E-002
   7.02053625000000        5.18961375000000      -7.262304097403562E-002
   7.02053625000000        5.49476750000000      -6.983863732401750E-002
   7.02053625000000        5.79992125000000      -6.787611972216573E-002
   7.02053625000000        6.10507500000000      -6.655170996075320E-002
   7.02053625000000        6.41022875000000      -6.533432905328047E-002
   7.02053625000000        6.71538250000000      -6.357102217841720E-002
   7.02053625000000        7.02053625000000      -6.223235977746363E-002
   7.02053625000000        7.32569000000000      -6.252640792359206E-002
   7.32569000000000       2.000000000000000E-003 -0.102240045372020     
   7.32569000000000       0.307153750000000      -9.810614239526295E-002
   7.32569000000000       0.612307500000000      -9.375172319219346E-002
   7.32569000000000       0.917461250000000      -9.522947911154819E-002
   7.32569000000000        1.22261500000000      -9.623956211912379E-002
   7.32569000000000        1.52776875000000      -9.610247694999163E-002
   7.32569000000000        1.83292250000000      -9.518885216267893E-002
   7.32569000000000        2.13807625000000      -9.376666723143093E-002
   7.32569000000000        2.44323000000000      -9.190442742490304E-002
   7.32569000000000        2.74838375000000      -8.958213777814661E-002
   7.32569000000000        3.05353750000000      -8.762190287456287E-002
   7.32569000000000        3.35869125000000      -8.757433649584687E-002
   7.32569000000000        3.66384500000000      -8.783743375155477E-002
   7.32569000000000        3.96899875000000      -8.516214842539128E-002
   7.32569000000000        4.27415250000000      -8.183761983896724E-002
   7.32569000000000        4.57930625000000      -7.733983327451954E-002
   7.32569000000000        4.88446000000000      -7.311300836931875E-002
   7.32569000000000        5.18961375000000      -6.970082647521904E-002
   7.32569000000000        5.49476750000000      -6.694517110847610E-002
   7.32569000000000        5.79992125000000      -6.511959311481666E-002
   7.32569000000000        6.10507500000000      -6.406053368812344E-002
   7.32569000000000        6.41022875000000      -6.331767387041019E-002
   7.32569000000000        6.71538250000000      -6.234011161513616E-002
   7.32569000000000        7.02053625000000      -6.145941789040402E-002
   7.32569000000000        7.32569000000000      -6.011455077859955E-002
