  2.000000000000000E-003  2.000000000000000E-003 -0.196436164338501     
  2.000000000000000E-003  0.307153750000000      -0.191923437014468     
  2.000000000000000E-003  0.612307500000000      -0.183315649763865     
  2.000000000000000E-003  0.917461250000000      -0.178966034568944     
  2.000000000000000E-003   1.22261500000000      -0.174074007029690     
  2.000000000000000E-003   1.52776875000000      -0.168237272330183     
  2.000000000000000E-003   1.83292250000000      -0.161807928651987     
  2.000000000000000E-003   2.13807625000000      -0.155004924539518     
  2.000000000000000E-003   2.44323000000000      -0.147849988767018     
  2.000000000000000E-003   2.74838375000000      -0.140473574559032     
  2.000000000000000E-003   3.05353750000000      -0.133929271717616     
  2.000000000000000E-003   3.35869125000000      -0.130119655052087     
  2.000000000000000E-003   3.66384500000000      -0.127063326457513     
  2.000000000000000E-003   3.96899875000000      -0.121041599830292     
  2.000000000000000E-003   4.27415250000000      -0.114498568464901     
  2.000000000000000E-003   4.57930625000000      -0.106484887267162     
  2.000000000000000E-003   4.88446000000000      -9.896656707842869E-002
  2.000000000000000E-003   5.18961375000000      -9.278135785999102E-002
  2.000000000000000E-003   5.49476750000000      -8.783393622448789E-002
  2.000000000000000E-003   5.79992125000000      -8.430975151483740E-002
  2.000000000000000E-003   6.10507500000000      -8.200143119952813E-002
  2.000000000000000E-003   6.41022875000000      -8.043269962023243E-002
  2.000000000000000E-003   6.71538250000000      -7.899026160044083E-002
  2.000000000000000E-003   7.02053625000000      -7.770781299420237E-002
  2.000000000000000E-003   7.32569000000000      -7.584232191052269E-002
  0.307153750000000       2.000000000000000E-003 -0.217838242668337     
  0.307153750000000       0.307153750000000      -0.212505486732694     
  0.307153750000000       0.612307500000000      -0.202854232931497     
  0.307153750000000       0.917461250000000      -0.197211820145296     
  0.307153750000000        1.22261500000000      -0.191037502271892     
  0.307153750000000        1.52776875000000      -0.183980223243058     
  0.307153750000000        1.83292250000000      -0.176366163897971     
  0.307153750000000        2.13807625000000      -0.168314325299246     
  0.307153750000000        2.44323000000000      -0.159994053002672     
  0.307153750000000        2.74838375000000      -0.151520429122501     
  0.307153750000000        3.05353750000000      -0.143655848396551     
  0.307153750000000        3.35869125000000      -0.137587133586671     
  0.307153750000000        3.66384500000000      -0.131719553438245     
  0.307153750000000        3.96899875000000      -0.124173738658035     
  0.307153750000000        4.27415250000000      -0.116914227853859     
  0.307153750000000        4.57930625000000      -0.109315431452362     
  0.307153750000000        4.88446000000000      -0.102169458244954     
  0.307153750000000        5.18961375000000      -9.601615422930641E-002
  0.307153750000000        5.49476750000000      -9.088788263303967E-002
  0.307153750000000        5.79992125000000      -8.705812726462503E-002
  0.307153750000000        6.10507500000000      -8.430390064157607E-002
  0.307153750000000        6.41022875000000      -8.206338282795547E-002
  0.307153750000000        6.71538250000000      -7.966883658825621E-002
  0.307153750000000        7.02053625000000      -7.830988269720658E-002
  0.307153750000000        7.32569000000000      -7.865222482496255E-002
  0.612307500000000       2.000000000000000E-003 -0.238927761636277     
  0.612307500000000       0.307153750000000      -0.235197756687450     
  0.612307500000000       0.612307500000000      -0.226959069865268     
  0.612307500000000       0.917461250000000      -0.218381606710195     
  0.612307500000000        1.22261500000000      -0.209764170066329     
  0.612307500000000        1.52776875000000      -0.200998229278175     
  0.612307500000000        1.83292250000000      -0.191971069439871     
  0.612307500000000        2.13807625000000      -0.182606833066397     
  0.612307500000000        2.44323000000000      -0.173083747885773     
  0.612307500000000        2.74838375000000      -0.163508366619728     
  0.612307500000000        3.05353750000000      -0.154210768548351     
  0.612307500000000        3.35869125000000      -0.145532415434254     
  0.612307500000000        3.66384500000000      -0.137043071767787     
  0.612307500000000        3.96899875000000      -0.128487490201394     
  0.612307500000000        4.27415250000000      -0.120355805511622     
  0.612307500000000        4.57930625000000      -0.112668997249993     
  0.612307500000000        4.88446000000000      -0.105685136419823     
  0.612307500000000        5.18961375000000      -9.942415273655447E-002
  0.612307500000000        5.49476750000000      -9.410496507492717E-002
  0.612307500000000        5.79992125000000      -8.990403174988142E-002
  0.612307500000000        6.10507500000000      -8.667675584665875E-002
  0.612307500000000        6.41022875000000      -8.401755939960238E-002
  0.612307500000000        6.71538250000000      -8.168949021923784E-002
  0.612307500000000        7.02053625000000      -8.032820215208882E-002
  0.612307500000000        7.32569000000000      -7.889995010338627E-002
  0.917461250000000       2.000000000000000E-003 -0.260023219868724     
  0.917461250000000       0.307153750000000      -0.257457844161783     
  0.917461250000000       0.612307500000000      -0.250428097086621     
  0.917461250000000       0.917461250000000      -0.240794698562929     
  0.917461250000000        1.22261500000000      -0.230154949666060     
  0.917461250000000        1.52776875000000      -0.219286877040624     
  0.917461250000000        1.83292250000000      -0.208329480635530     
  0.917461250000000        2.13807625000000      -0.197358955438896     
  0.917461250000000        2.44323000000000      -0.186439702740965     
  0.917461250000000        2.74838375000000      -0.175545364553635     
  0.917461250000000        3.05353750000000      -0.164785384975442     
  0.917461250000000        3.35869125000000      -0.154241913584710     
  0.917461250000000        3.66384500000000      -0.143945845852791     
  0.917461250000000        3.96899875000000      -0.134107218178467     
  0.917461250000000        4.27415250000000      -0.125057686031776     
  0.917461250000000        4.57930625000000      -0.116947352547072     
  0.917461250000000        4.88446000000000      -0.109622448445904     
  0.917461250000000        5.18961375000000      -0.103050458133975     
  0.917461250000000        5.49476750000000      -9.741716589170842E-002
  0.917461250000000        5.79992125000000      -9.277969472927261E-002
  0.917461250000000        6.10507500000000      -8.901653842499407E-002
  0.917461250000000        6.41022875000000      -8.588808896665601E-002
  0.917461250000000        6.71538250000000      -8.323156471231492E-002
  0.917461250000000        7.02053625000000      -8.089888399325815E-002
  0.917461250000000        7.32569000000000      -7.805041251356323E-002
   1.22261500000000       2.000000000000000E-003 -0.292683320094427     
   1.22261500000000       0.307153750000000      -0.289765289884440     
   1.22261500000000       0.612307500000000      -0.281562453509216     
   1.22261500000000       0.917461250000000      -0.269409446783454     
   1.22261500000000        1.22261500000000      -0.255228801800903     
   1.22261500000000        1.52776875000000      -0.240561645762396     
   1.22261500000000        1.83292250000000      -0.226165349449059     
   1.22261500000000        2.13807625000000      -0.212511889225233     
   1.22261500000000        2.44323000000000      -0.199621076056282     
   1.22261500000000        2.74838375000000      -0.187123099941325     
   1.22261500000000        3.05353750000000      -0.174805878560092     
   1.22261500000000        3.35869125000000      -0.162727224448543     
   1.22261500000000        3.66384500000000      -0.151055234941328     
   1.22261500000000        3.96899875000000      -0.140125560450901     
   1.22261500000000        4.27415250000000      -0.130288808635892     
   1.22261500000000        4.57930625000000      -0.121566931278994     
   1.22261500000000        4.88446000000000      -0.113765382256950     
   1.22261500000000        5.18961375000000      -0.106805851130070     
   1.22261500000000        5.49476750000000      -0.100722744046566     
   1.22261500000000        5.79992125000000      -9.553828539125508E-002
   1.22261500000000        6.10507500000000      -9.112832286362343E-002
   1.22261500000000        6.41022875000000      -8.730272038821102E-002
   1.22261500000000        6.71538250000000      -8.387729802529142E-002
   1.22261500000000        7.02053625000000      -8.059500371791128E-002
   1.22261500000000        7.32569000000000      -7.707255883355045E-002
   1.52776875000000       2.000000000000000E-003 -0.347519724813983     
   1.52776875000000       0.307153750000000      -0.342965104083828     
   1.52776875000000       0.612307500000000      -0.330183439707659     
   1.52776875000000       0.917461250000000      -0.311540254387359     
   1.52776875000000        1.22261500000000      -0.289925443509006     
   1.52776875000000        1.52776875000000      -0.267785718120662     
   1.52776875000000        1.83292250000000      -0.246895923859146     
   1.52776875000000        2.13807625000000      -0.228564620168071     
   1.52776875000000        2.44323000000000      -0.212558970954521     
   1.52776875000000        2.74838375000000      -0.197993114883920     
   1.52776875000000        3.05353750000000      -0.184100301131527     
   1.52776875000000        3.35869125000000      -0.170616010829482     
   1.52776875000000        3.66384500000000      -0.157743165567295     
   1.52776875000000        3.96899875000000      -0.145886898652275     
   1.52776875000000        4.27415250000000      -0.135337680839593     
   1.52776875000000        4.57930625000000      -0.126078772123384     
   1.52776875000000        4.88446000000000      -0.117879790275272     
   1.52776875000000        5.18961375000000      -0.110524518071161     
   1.52776875000000        5.49476750000000      -0.103925849205244     
   1.52776875000000        5.79992125000000      -9.807769814950500E-002
   1.52776875000000        6.10507500000000      -9.293791042769618E-002
   1.52776875000000        6.41022875000000      -8.834228061141322E-002
   1.52776875000000        6.71538250000000      -8.413446940763146E-002
   1.52776875000000        7.02053625000000      -8.014960724216436E-002
   1.52776875000000        7.32569000000000      -7.625426514318429E-002
   1.83292250000000       2.000000000000000E-003 -0.434374950417272     
   1.83292250000000       0.307153750000000      -0.426418097269919     
   1.83292250000000       0.612307500000000      -0.404745263766609     
   1.83292250000000       0.917461250000000      -0.373738822849822     
   1.83292250000000        1.22261500000000      -0.338125384378611     
   1.83292250000000        1.52776875000000      -0.302980900632992     
   1.83292250000000        1.83292250000000      -0.271925520531827     
   1.83292250000000        2.13807625000000      -0.246282697932799     
   1.83292250000000        2.44323000000000      -0.225497254936073     
   1.83292250000000        2.74838375000000      -0.208048161861488     
   1.83292250000000        3.05353750000000      -0.192419403552001     
   1.83292250000000        3.35869125000000      -0.177742515648221     
   1.83292250000000        3.66384500000000      -0.163907277771445     
   1.83292250000000        3.96899875000000      -0.151238995308853     
   1.83292250000000        4.27415250000000      -0.140041239160797     
   1.83292250000000        4.57930625000000      -0.130307691694196     
   1.83292250000000        4.88446000000000      -0.121746262626939     
   1.83292250000000        5.18961375000000      -0.114008421823329     
   1.83292250000000        5.49476750000000      -0.106891147195178     
   1.83292250000000        5.79992125000000      -0.100363332714841     
   1.83292250000000        6.10507500000000      -9.444937643048447E-002
   1.83292250000000        6.41022875000000      -8.911020658438437E-002
   1.83292250000000        6.71538250000000      -8.423491453574218E-002
   1.83292250000000        7.02053625000000      -7.973321563931850E-002
   1.83292250000000        7.32569000000000      -7.557301036213933E-002
   2.13807625000000       2.000000000000000E-003 -0.564409976041508     
   2.13807625000000       0.307153750000000      -0.549787702518211     
   2.13807625000000       0.612307500000000      -0.510668644186368     
   2.13807625000000       0.917461250000000      -0.457306415267860     
   2.13807625000000        1.22261500000000      -0.400210944897575     
   2.13807625000000        1.52776875000000      -0.347012405621122     
   2.13807625000000        1.83292250000000      -0.301914366067040     
   2.13807625000000        2.13807625000000      -0.266150006431700     
   2.13807625000000        2.44323000000000      -0.238717498632402     
   2.13807625000000        2.74838375000000      -0.217350377348115     
   2.13807625000000        3.05353750000000      -0.199620398028992     
   2.13807625000000        3.35869125000000      -0.183815048936867     
   2.13807625000000        3.66384500000000      -0.169242918363592     
   2.13807625000000        3.96899875000000      -0.155961719603111     
   2.13807625000000        4.27415250000000      -0.144231803289432     
   2.13807625000000        4.57930625000000      -0.134074258356265     
   2.13807625000000        4.88446000000000      -0.125171236588547     
   2.13807625000000        5.18961375000000      -0.117072973613133     
   2.13807625000000        5.49476750000000      -0.109470826214726     
   2.13807625000000        5.79992125000000      -0.102302819137404     
   2.13807625000000        6.10507500000000      -9.565464067764409E-002
   2.13807625000000        6.41022875000000      -8.959896474812680E-002
   2.13807625000000        6.71538250000000      -8.412912222403093E-002
   2.13807625000000        7.02053625000000      -7.921158518631750E-002
   2.13807625000000        7.32569000000000      -7.484730839717475E-002
   2.44323000000000       2.000000000000000E-003 -0.752722187404558     
   2.44323000000000       0.307153750000000      -0.725101411992748     
   2.44323000000000       0.612307500000000      -0.653667053696268     
   2.44323000000000       0.917461250000000      -0.564208024715134     
   2.44323000000000        1.22261500000000      -0.476077391790396     
   2.44323000000000        1.52776875000000      -0.398864149551311     
   2.44323000000000        1.83292250000000      -0.336042486153243     
   2.44323000000000        2.13807625000000      -0.287778184638327     
   2.44323000000000        2.44323000000000      -0.252147441781475     
   2.44323000000000        2.74838375000000      -0.225950350628782     
   2.44323000000000        3.05353750000000      -0.205727018787597     
   2.44323000000000        3.35869125000000      -0.188765933703774     
   2.44323000000000        3.66384500000000      -0.173610328415644     
   2.44323000000000        3.96899875000000      -0.159895495359803     
   2.44323000000000        4.27415250000000      -0.147757632557359     
   2.44323000000000        4.57930625000000      -0.137235343766633     
   2.44323000000000        4.88446000000000      -0.128017058445646     
   2.44323000000000        5.18961375000000      -0.119590159109866     
   2.44323000000000        5.49476750000000      -0.111557833244467     
   2.44323000000000        5.79992125000000      -0.103815235361096     
   2.44323000000000        6.10507500000000      -9.647876474961400E-002
   2.44323000000000        6.41022875000000      -8.970111001643524E-002
   2.44323000000000        6.71538250000000      -8.357419611016521E-002
   2.44323000000000        7.02053625000000      -7.818547523038402E-002
   2.44323000000000        7.32569000000000      -7.365949369740504E-002
   2.74838375000000       2.000000000000000E-003  -1.00332963913872     
   2.74838375000000       0.307153750000000      -0.958552513413496     
   2.74838375000000       0.612307500000000      -0.842783479113570     
   2.74838375000000       0.917461250000000      -0.696731978909904     
   2.74838375000000        1.22261500000000      -0.562453023117544     
   2.74838375000000        1.52776875000000      -0.454716949916032     
   2.74838375000000        1.83292250000000      -0.371502995082422     
   2.74838375000000        2.13807625000000      -0.309546452566615     
   2.74838375000000        2.44323000000000      -0.265069791385862     
   2.74838375000000        2.74838375000000      -0.233660259040895     
   2.74838375000000        3.05353750000000      -0.210764565590662     
   2.74838375000000        3.35869125000000      -0.192630998049561     
   2.74838375000000        3.66384500000000      -0.176977803262373     
   2.74838375000000        3.96899875000000      -0.162954617257445     
   2.74838375000000        4.27415250000000      -0.150520033336509     
   2.74838375000000        4.57930625000000      -0.139705413960654     
   2.74838375000000        4.88446000000000      -0.130215702366564     
   2.74838375000000        5.18961375000000      -0.121506154666136     
   2.74838375000000        5.49476750000000      -0.113112039161205     
   2.74838375000000        5.79992125000000      -0.104872760347218     
   2.74838375000000        6.10507500000000      -9.688538976661593E-002
   2.74838375000000        6.41022875000000      -8.930574880101473E-002
   2.74838375000000        6.71538250000000      -8.235543485920278E-002
   2.74838375000000        7.02053625000000      -7.649821688663561E-002
   2.74838375000000        7.32569000000000      -7.195527361234587E-002
   3.05353750000000       2.000000000000000E-003  -1.27407723255236     
   3.05353750000000       0.307153750000000       -1.21055705736895     
   3.05353750000000       0.612307500000000       -1.04492588979208     
   3.05353750000000       0.917461250000000      -0.839484592700835     
   3.05353750000000        1.22261500000000      -0.649729301193503     
   3.05353750000000        1.52776875000000      -0.507200922945593     
   3.05353750000000        1.83292250000000      -0.403516572823707     
   3.05353750000000        2.13807625000000      -0.328701152648277     
   3.05353750000000        2.44323000000000      -0.276126952054170     
   3.05353750000000        2.74838375000000      -0.239962813189897     
   3.05353750000000        3.05353750000000      -0.214619066123409     
   3.05353750000000        3.35869125000000      -0.195415128440013     
   3.05353750000000        3.66384500000000      -0.179339471036899     
   3.05353750000000        3.96899875000000      -0.165103103058554     
   3.05353750000000        4.27415250000000      -0.152475334717423     
   3.05353750000000        4.57930625000000      -0.141453452432101     
   3.05353750000000        4.88446000000000      -0.131756353808574     
   3.05353750000000        5.18961375000000      -0.122827576001624     
   3.05353750000000        5.49476750000000      -0.114154039853729     
   3.05353750000000        5.79992125000000      -0.105510170394373     
   3.05353750000000        6.10507500000000      -9.691329531973841E-002
   3.05353750000000        6.41022875000000      -8.844554897785906E-002
   3.05353750000000        6.71538250000000      -8.062575447431014E-002
   3.05353750000000        7.02053625000000      -7.435322088450581E-002
   3.05353750000000        7.32569000000000      -6.998058364882517E-002
   3.35869125000000       2.000000000000000E-003  -1.47264786210159     
   3.35869125000000       0.307153750000000       -1.40072367522577     
   3.35869125000000       0.612307500000000       -1.20439619071515     
   3.35869125000000       0.917461250000000      -0.950909249718179     
   3.35869125000000        1.22261500000000      -0.718783032564492     
   3.35869125000000        1.52776875000000      -0.545810983378343     
   3.35869125000000        1.83292250000000      -0.426199093076361     
   3.35869125000000        2.13807625000000      -0.342003061194348     
   3.35869125000000        2.44323000000000      -0.283678194203229     
   3.35869125000000        2.74838375000000      -0.244153886090987     
   3.35869125000000        3.05353750000000      -0.217064402910493     
   3.35869125000000        3.35869125000000      -0.197080407031049     
   3.35869125000000        3.66384500000000      -0.180700955977229     
   3.35869125000000        3.96899875000000      -0.166346430241127     
   3.35869125000000        4.27415250000000      -0.153624799191125     
   3.35869125000000        4.57930625000000      -0.142485520814899     
   3.35869125000000        4.88446000000000      -0.132659758268932     
   3.35869125000000        5.18961375000000      -0.123592299601516     
   3.35869125000000        5.49476750000000      -0.114739602355198     
   3.35869125000000        5.79992125000000      -0.105817448341676     
   3.35869125000000        6.10507500000000      -9.672924259607503E-002
   3.35869125000000        6.41022875000000      -8.750973387789122E-002
   3.35869125000000        6.71538250000000      -7.888877041652016E-002
   3.35869125000000        7.02053625000000      -7.238551891583951E-002
   3.35869125000000        7.32569000000000      -6.827150272947351E-002
   3.66384500000000       2.000000000000000E-003  -1.59936052401649     
   3.66384500000000       0.307153750000000       -1.46647324934557     
   3.66384500000000       0.612307500000000       -1.26366330387393     
   3.66384500000000       0.917461250000000      -0.993262947841431     
   3.66384500000000        1.22261500000000      -0.745171439023372     
   3.66384500000000        1.52776875000000      -0.560191002455949     
   3.66384500000000        1.83292250000000      -0.434451710249012     
   3.66384500000000        2.13807625000000      -0.346787649050594     
   3.66384500000000        2.44323000000000      -0.286373159037439     
   3.66384500000000        2.74838375000000      -0.245631814129537     
   3.66384500000000        3.05353750000000      -0.217905055620997     
   3.66384500000000        3.35869125000000      -0.197628516827619     
   3.66384500000000        3.66384500000000      -0.181133267992946     
   3.66384500000000        3.96899875000000      -0.166745498053662     
   3.66384500000000        4.27415250000000      -0.154001695286104     
   3.66384500000000        4.57930625000000      -0.142826102847153     
   3.66384500000000        4.88446000000000      -0.132956828324996     
   3.66384500000000        5.18961375000000      -0.123841856270295     
   3.66384500000000        5.49476750000000      -0.114926764567686     
   3.66384500000000        5.79992125000000      -0.105902542638056     
   3.66384500000000        6.10507500000000      -9.661798247566537E-002
   3.66384500000000        6.41022875000000      -8.709027791398109E-002
   3.66384500000000        6.71538250000000      -7.812360400479627E-002
   3.66384500000000        7.02053625000000      -7.161003648675847E-002
   3.66384500000000        7.32569000000000      -6.703178124875259E-002
   3.96899875000000       2.000000000000000E-003  -1.47265282507883     
   3.96899875000000       0.307153750000000       -1.40088163930976     
   3.96899875000000       0.612307500000000       -1.20454679130675     
   3.96899875000000       0.917461250000000      -0.951008367417927     
   3.96899875000000        1.22261500000000      -0.718839147050674     
   3.96899875000000        1.52776875000000      -0.545842673794623     
   3.96899875000000        1.83292250000000      -0.426218533407036     
   3.96899875000000        2.13807625000000      -0.342015348084939     
   3.96899875000000        2.44323000000000      -0.283686457820729     
   3.96899875000000        2.74838375000000      -0.244160343528560     
   3.96899875000000        3.05353750000000      -0.217070390418247     
   3.96899875000000        3.35869125000000      -0.197086464310932     
   3.96899875000000        3.66384500000000      -0.180707122426338     
   3.96899875000000        3.96899875000000      -0.166352419482324     
   3.96899875000000        4.27415250000000      -0.153630292778523     
   3.96899875000000        4.57930625000000      -0.142490274253495     
   3.96899875000000        4.88446000000000      -0.132663518820598     
   3.96899875000000        5.18961375000000      -0.123594865074248     
   3.96899875000000        5.49476750000000      -0.114740789003662     
   3.96899875000000        5.79992125000000      -0.105817026875551     
   3.96899875000000        6.10507500000000      -9.672653063738827E-002
   3.96899875000000        6.41022875000000      -8.750375848517383E-002
   3.96899875000000        6.71538250000000      -7.887939963571755E-002
   3.96899875000000        7.02053625000000      -7.237595516204573E-002
   3.96899875000000        7.32569000000000      -6.827256541608195E-002
   4.27415250000000       2.000000000000000E-003  -1.27408538334290     
   4.27415250000000       0.307153750000000       -1.21071081799915     
   4.27415250000000       0.612307500000000       -1.04510445532255     
   4.27415250000000       0.917461250000000      -0.839618277708354     
   4.27415250000000        1.22261500000000      -0.649810965456522     
   4.27415250000000        1.52776875000000      -0.507251488487589     
   4.27415250000000        1.83292250000000      -0.403548714645141     
   4.27415250000000        2.13807625000000      -0.328721774962035     
   4.27415250000000        2.44323000000000      -0.276141195822119     
   4.27415250000000        2.74838375000000      -0.239974420919995     
   4.27415250000000        3.05353750000000      -0.214630326619468     
   4.27415250000000        3.35869125000000      -0.195426947475077     
   4.27415250000000        3.66384500000000      -0.179351672139434     
   4.27415250000000        3.96899875000000      -0.165115087886328     
   4.27415250000000        4.27415250000000      -0.152486436159171     
   4.27415250000000        4.57930625000000      -0.141463084884932     
   4.27415250000000        4.88446000000000      -0.131764053899039     
   4.27415250000000        5.18961375000000      -0.122832993416377     
   4.27415250000000        5.49476750000000      -0.114156863837810     
   4.27415250000000        5.79992125000000      -0.105510157745882     
   4.27415250000000        6.10507500000000      -9.690989816570063E-002
   4.27415250000000        6.41022875000000      -8.843777469176421E-002
   4.27415250000000        6.71538250000000      -8.061480187688511E-002
   4.27415250000000        7.02053625000000      -7.434434909710880E-002
   4.27415250000000        7.32569000000000      -6.998238702150270E-002
   4.57930625000000       2.000000000000000E-003  -1.00333749523200     
   4.57930625000000       0.307153750000000      -0.958655967656576     
   4.57930625000000       0.612307500000000      -0.842917991405337     
   4.57930625000000       0.917461250000000      -0.696843284313309     
   4.57930625000000        1.22261500000000      -0.562531284822806     
   4.57930625000000        1.52776875000000      -0.454770093861927     
   4.57930625000000        1.83292250000000      -0.371537920292668     
   4.57930625000000        2.13807625000000      -0.309569344302126     
   4.57930625000000        2.44323000000000      -0.265086246467322     
   4.57930625000000        2.74838375000000      -0.233674775927907     
   4.57930625000000        3.05353750000000      -0.210779741553505     
   4.57930625000000        3.35869125000000      -0.192647679912106     
   4.57930625000000        3.66384500000000      -0.176995543138808     
   4.57930625000000        3.96899875000000      -0.162972367802965     
   4.57930625000000        4.27415250000000      -0.150536706466730     
   4.57930625000000        4.57930625000000      -0.139720048184621     
   4.57930625000000        4.88446000000000      -0.130227628134074     
   4.57930625000000        5.18961375000000      -0.121514848696079     
   4.57930625000000        5.49476750000000      -0.113117202762265     
   4.57930625000000        5.79992125000000      -0.104874236601378     
   4.57930625000000        6.10507500000000      -9.688317935057277E-002
   4.57930625000000        6.41022875000000      -8.929988597864276E-002
   4.57930625000000        6.71538250000000      -8.234738663049422E-002
   4.57930625000000        7.02053625000000      -7.649261033150197E-002
   4.57930625000000        7.32569000000000      -7.195718875763686E-002
   4.88446000000000       2.000000000000000E-003 -0.752727966348075     
   4.88446000000000       0.307153750000000      -0.725159066684045     
   4.88446000000000       0.612307500000000      -0.653746547861866     
   4.88446000000000       0.917461250000000      -0.564283372294223     
   4.88446000000000        1.22261500000000      -0.476137674763691     
   4.88446000000000        1.52776875000000      -0.398907430532086     
   4.88446000000000        1.83292250000000      -0.336071308357150     
   4.88446000000000        2.13807625000000      -0.287797279184444     
   4.88446000000000        2.44323000000000      -0.252162093245614     
   4.88446000000000        2.74838375000000      -0.225964959768469     
   4.88446000000000        3.05353750000000      -0.205744061032466     
   4.88446000000000        3.35869125000000      -0.188785965457239     
   4.88446000000000        3.66384500000000      -0.173632466963464     
   4.88446000000000        3.96899875000000      -0.159918234901805     
   4.88446000000000        4.27415250000000      -0.147779392018806     
   4.88446000000000        4.57930625000000      -0.137254796499368     
   4.88446000000000        4.88446000000000      -0.128033227686119     
   4.88446000000000        5.18961375000000      -0.119602443365176     
   4.88446000000000        5.49476750000000      -0.111565876392681     
   4.88446000000000        5.79992125000000      -0.103819025640764     
   4.88446000000000        6.10507500000000      -9.647861270867217E-002
   4.88446000000000        6.41022875000000      -8.969787710836929E-002
   4.88446000000000        6.71538250000000      -8.356962265633522E-002
   4.88446000000000        7.02053625000000      -7.818257382016768E-002
   4.88446000000000        7.32569000000000      -7.366154494183312E-002
   5.18961375000000       2.000000000000000E-003 -0.564413327980971     
   5.18961375000000       0.307153750000000      -0.549816181287101     
   5.18961375000000       0.612307500000000      -0.510711428807737     
   5.18961375000000       0.917461250000000      -0.457350837461755     
   5.18961375000000        1.22261500000000      -0.400248257200994     
   5.18961375000000        1.52776875000000      -0.347039167971092     
   5.18961375000000        1.83292250000000      -0.301931444781599     
   5.18961375000000        2.13807625000000      -0.266161051556326     
   5.18961375000000        2.44323000000000      -0.238727078400906     
   5.18961375000000        2.74838375000000      -0.217362348893548     
   5.18961375000000        3.05353750000000      -0.199636855955732     
   5.18961375000000        3.35869125000000      -0.183836248680558     
   5.18961375000000        3.66384500000000      -0.169267699817057     
   5.18961375000000        3.96899875000000      -0.155988119925788     
   5.18961375000000        4.27415250000000      -0.144257714201383     
   5.18961375000000        4.57930625000000      -0.134097921959159     
   5.18961375000000        4.88446000000000      -0.125191380058302     
   5.18961375000000        5.18961375000000      -0.117088821942413     
   5.18961375000000        5.49476750000000      -0.109482013984101     
   5.18961375000000        5.79992125000000      -0.102309287850972     
   5.18961375000000        6.10507500000000      -9.565674193865231E-002
   5.18961375000000        6.41022875000000      -8.959758073719690E-002
   5.18961375000000        6.71538250000000      -8.412607657557236E-002
   5.18961375000000        7.02053625000000      -7.920977257711598E-002
   5.18961375000000        7.32569000000000      -7.484964051608621E-002
   5.49476750000000       2.000000000000000E-003 -0.434376655190154     
   5.49476750000000       0.307153750000000      -0.426428489310285     
   5.49476750000000       0.612307500000000      -0.404761351387150     
   5.49476750000000       0.917461250000000      -0.373756211081502     
   5.49476750000000        1.22261500000000      -0.338139719529623     
   5.49476750000000        1.52776875000000      -0.302989685742310     
   5.49476750000000        1.83292250000000      -0.271929261761495     
   5.49476750000000        2.13807625000000      -0.246284093414279     
   5.49476750000000        2.44323000000000      -0.225500030521604     
   5.49476750000000        2.74838375000000      -0.208055448531297     
   5.49476750000000        3.05353750000000      -0.192432968192887     
   5.49476750000000        3.35869125000000      -0.177762579124873     
   5.49476750000000        3.66384500000000      -0.163932592048712     
   5.49476750000000        3.96899875000000      -0.151267423512012     
   5.49476750000000        4.27415250000000      -0.140070139041104     
   5.49476750000000        4.57930625000000      -0.130334691160782     
   5.49476750000000        4.88446000000000      -0.121769691724195     
   5.49476750000000        5.18961375000000      -0.114027340638608     
   5.49476750000000        5.49476750000000      -0.106905190236808     
   5.49476750000000        5.79992125000000      -0.100372426265367     
   5.49476750000000        6.10507500000000      -9.445347191431766E-002
   5.49476750000000        6.41022875000000      -8.910948246376599E-002
   5.49476750000000        6.71538250000000      -8.423088502825381E-002
   5.49476750000000        7.02053625000000      -7.972991284535275E-002
   5.49476750000000        7.32569000000000      -7.557517489906161E-002
   5.79992125000000       2.000000000000000E-003 -0.347520427857034     
   5.79992125000000       0.307153750000000      -0.342961275269821     
   5.79992125000000       0.612307500000000      -0.330177459353870     
   5.79992125000000       0.917461250000000      -0.311533852904958     
   5.79992125000000        1.22261500000000      -0.289918837284579     
   5.79992125000000        1.52776875000000      -0.267778437662459     
   5.79992125000000        1.83292250000000      -0.246887793469822     
   5.79992125000000        2.13807625000000      -0.228557207374610     
   5.79992125000000        2.44323000000000      -0.212554856862338     
   5.79992125000000        2.74838375000000      -0.197994715607459     
   5.79992125000000        3.05353750000000      -0.184109281067765     
   5.79992125000000        3.35869125000000      -0.170632969706727     
   5.79992125000000        3.66384500000000      -0.157767491632195     
   5.79992125000000        3.96899875000000      -0.145916272801982     
   5.79992125000000        4.27415250000000      -0.135368668938141     
   5.79992125000000        4.57930625000000      -0.126108163340709     
   5.79992125000000        4.88446000000000      -0.117905483197466     
   5.79992125000000        5.18961375000000      -0.110545583435847     
   5.79992125000000        5.49476750000000      -0.103942162351367     
   5.79992125000000        5.79992125000000      -9.808913943576476E-002
   5.79992125000000        6.10507500000000      -9.294376029157150E-002
   5.79992125000000        6.41022875000000      -8.834111742868409E-002
   5.79992125000000        6.71538250000000      -8.412725205100288E-002
   5.79992125000000        7.02053625000000      -8.014309651392308E-002
   5.79992125000000        7.32569000000000      -7.625735923531279E-002
   6.10507500000000       2.000000000000000E-003 -0.292683309608560     
   6.10507500000000       0.307153750000000      -0.289747612546215     
   6.10507500000000       0.612307500000000      -0.281537186607960     
   6.10507500000000       0.917461250000000      -0.269384675818401     
   6.10507500000000        1.22261500000000      -0.255206549797249     
   6.10507500000000        1.52776875000000      -0.240542044747719     
   6.10507500000000        1.83292250000000      -0.226148697971409     
   6.10507500000000        2.13807625000000      -0.212498181455883     
   6.10507500000000        2.44323000000000      -0.199611649869026     
   6.10507500000000        2.74838375000000      -0.187119359975842     
   6.10507500000000        3.05353750000000      -0.174809169457594     
   6.10507500000000        3.35869125000000      -0.162739389927135     
   6.10507500000000        3.66384500000000      -0.151077848517947     
   6.10507500000000        3.96899875000000      -0.140156495858332     
   6.10507500000000        4.27415250000000      -0.130322340913918     
   6.10507500000000        4.57930625000000      -0.121598213050272     
   6.10507500000000        4.88446000000000      -0.113792200288565     
   6.10507500000000        5.18961375000000      -0.106827822554974     
   6.10507500000000        5.49476750000000      -0.100740404593286     
   6.10507500000000        5.79992125000000      -9.555219703963518E-002
   6.10507500000000        6.10507500000000      -9.113742787370784E-002
   6.10507500000000        6.41022875000000      -8.730331217443937E-002
   6.10507500000000        6.71538250000000      -8.386720481813609E-002
   6.10507500000000        7.02053625000000      -8.058409901903373E-002
   6.10507500000000        7.32569000000000      -7.707957582835114E-002
   6.41022875000000       2.000000000000000E-003 -0.260022865803060     
   6.41022875000000       0.307153750000000      -0.257421512564004     
   6.41022875000000       0.612307500000000      -0.250383373965093     
   6.41022875000000       0.917461250000000      -0.240756915869677     
   6.41022875000000        1.22261500000000      -0.230124255335156     
   6.41022875000000        1.52776875000000      -0.219261043885328     
   6.41022875000000        1.83292250000000      -0.208308672119456     
   6.41022875000000        2.13807625000000      -0.197342755012985     
   6.41022875000000        2.44323000000000      -0.186428007661347     
   6.41022875000000        2.74838375000000      -0.175537880065511     
   6.41022875000000        3.05353750000000      -0.164782559707401     
   6.41022875000000        3.35869125000000      -0.154247827902482     
   6.41022875000000        3.66384500000000      -0.143966282491577     
   6.41022875000000        3.96899875000000      -0.134141390895961     
   6.41022875000000        4.27415250000000      -0.125095904193938     
   6.41022875000000        4.57930625000000      -0.116980762953490     
   6.41022875000000        4.88446000000000      -0.109649024326460     
   6.41022875000000        5.18961375000000      -0.103071670222890     
   6.41022875000000        5.49476750000000      -9.743505519871269E-002
   6.41022875000000        5.79992125000000      -9.279678697332869E-002
   6.41022875000000        6.10507500000000      -8.903380671858610E-002
   6.41022875000000        6.41022875000000      -8.590046378640080E-002
   6.41022875000000        6.71538250000000      -8.322774331794362E-002
   6.41022875000000        7.02053625000000      -8.088504547977488E-002
   6.41022875000000        7.32569000000000      -7.806729687223578E-002
   6.71538250000000       2.000000000000000E-003 -0.238927322226699     
   6.71538250000000       0.307153750000000      -0.235132299470604     
   6.71538250000000       0.612307500000000      -0.226895359034186     
   6.71538250000000       0.917461250000000      -0.218337875898828     
   6.71538250000000        1.22261500000000      -0.209732757282783     
   6.71538250000000        1.52776875000000      -0.200972738186585     
   6.71538250000000        1.83292250000000      -0.191950669184399     
   6.71538250000000        2.13807625000000      -0.182592309162147     
   6.71538250000000        2.44323000000000      -0.173074113742771     
   6.71538250000000        2.74838375000000      -0.163502074402538     
   6.71538250000000        3.05353750000000      -0.154206414935807     
   6.71538250000000        3.35869125000000      -0.145532393642378     
   6.71538250000000        3.66384500000000      -0.137060208091164     
   6.71538250000000        3.96899875000000      -0.128525536539888     
   6.71538250000000        4.27415250000000      -0.120397633622368     
   6.71538250000000        4.57930625000000      -0.112702650732799     
   6.71538250000000        4.88446000000000      -0.105709003013987     
   6.71538250000000        5.18961375000000      -9.944214364605473E-002
   6.71538250000000        5.49476750000000      -9.412099271613758E-002
   6.71538250000000        5.79992125000000      -8.992360743304392E-002
   6.71538250000000        6.10507500000000      -8.670632836906154E-002
   6.71538250000000        6.41022875000000      -8.405900409527658E-002
   6.71538250000000        6.71538250000000      -8.172368625115517E-002
   6.71538250000000        7.02053625000000      -8.032503591132122E-002
   6.71538250000000        7.32569000000000      -7.893281354300619E-002
   7.02053625000000       2.000000000000000E-003 -0.217837809083576     
   7.02053625000000       0.307153750000000      -0.212422573932409     
   7.02053625000000       0.612307500000000      -0.202788448129230     
   7.02053625000000       0.917461250000000      -0.197174234172366     
   7.02053625000000        1.22261500000000      -0.191012672152189     
   7.02053625000000        1.52776875000000      -0.183960137085062     
   7.02053625000000        1.83292250000000      -0.176350335771694     
   7.02053625000000        2.13807625000000      -0.168305074988339     
   7.02053625000000        2.44323000000000      -0.159991553761955     
   7.02053625000000        2.74838375000000      -0.151524045412119     
   7.02053625000000        3.05353750000000      -0.143661141397590     
   7.02053625000000        3.35869125000000      -0.137587533373762     
   7.02053625000000        3.66384500000000      -0.131729064965075     
   7.02053625000000        3.96899875000000      -0.124209188740645     
   7.02053625000000        4.27415250000000      -0.116948994143354     
   7.02053625000000        4.57930625000000      -0.109340299377876     
   7.02053625000000        4.88446000000000      -0.102185759727743     
   7.02053625000000        5.18961375000000      -9.602756113939488E-002
   7.02053625000000        5.49476750000000      -9.089851670335114E-002
   7.02053625000000        5.79992125000000      -8.707419933251906E-002
   7.02053625000000        6.10507500000000      -8.433611509406298E-002
   7.02053625000000        6.41022875000000      -8.212742275116276E-002
   7.02053625000000        6.71538250000000      -7.976995141653782E-002
   7.02053625000000        7.02053625000000      -7.837141153572018E-002
   7.02053625000000        7.32569000000000      -7.868587115005642E-002
   7.32569000000000       2.000000000000000E-003 -0.196436221381411     
   7.32569000000000       0.307153750000000      -0.191903403411526     
   7.32569000000000       0.612307500000000      -0.183291575402275     
   7.32569000000000       0.917461250000000      -0.178949970554781     
   7.32569000000000        1.22261500000000      -0.174060896040785     
   7.32569000000000        1.52776875000000      -0.168225003053379     
   7.32569000000000        1.83292250000000      -0.161798689510579     
   7.32569000000000        2.13807625000000      -0.155002445344977     
   7.32569000000000        2.44323000000000      -0.147856745363862     
   7.32569000000000        2.74838375000000      -0.140490556620303     
   7.32569000000000        3.05353750000000      -0.133952284663865     
   7.32569000000000        3.35869125000000      -0.130135190948388     
   7.32569000000000        3.66384500000000      -0.127056031069483     
   7.32569000000000        3.96899875000000      -0.121044482418734     
   7.32569000000000        4.27415250000000      -0.114500843706601     
   7.32569000000000        4.57930625000000      -0.106487327352733     
   7.32569000000000        4.88446000000000      -9.896893041401321E-002
   7.32569000000000        5.18961375000000      -9.278299665713416E-002
   7.32569000000000        5.49476750000000      -8.783540585601868E-002
   7.32569000000000        5.79992125000000      -8.431332183373355E-002
   7.32569000000000        6.10507500000000      -8.201211544752175E-002
   7.32569000000000        6.41022875000000      -8.045829765466975E-002
   7.32569000000000        6.71538250000000      -7.903594911232462E-002
   7.32569000000000        7.02053625000000      -7.775133552665309E-002
   7.32569000000000        7.32569000000000      -7.585377478332388E-002
