  2.000000000000000E-003  2.000000000000000E-003 -0.170906750963360     
  2.000000000000000E-003  0.307153750000000      -0.174425804602374     
  2.000000000000000E-003  0.612307500000000      -0.174817077622535     
  2.000000000000000E-003  0.917461250000000      -0.175407995701013     
  2.000000000000000E-003   1.22261500000000      -0.175688194566157     
  2.000000000000000E-003   1.52776875000000      -0.175697561976931     
  2.000000000000000E-003   1.83292250000000      -0.175465401123122     
  2.000000000000000E-003   2.13807625000000      -0.174942089304833     
  2.000000000000000E-003   2.44323000000000      -0.173962028722391     
  2.000000000000000E-003   2.74838375000000      -0.172418826769589     
  2.000000000000000E-003   3.05353750000000      -0.170363966639062     
  2.000000000000000E-003   3.35869125000000      -0.167888730235471     
  2.000000000000000E-003   3.66384500000000      -0.163897450217126     
  2.000000000000000E-003   3.96899875000000      -0.159123277491897     
  2.000000000000000E-003   4.27415250000000      -0.152432637599196     
  2.000000000000000E-003   4.57930625000000      -0.142498802292243     
  2.000000000000000E-003   4.88446000000000      -0.132589137313367     
  2.000000000000000E-003   5.18961375000000      -0.124220176066668     
  2.000000000000000E-003   5.49476750000000      -0.117394761517266     
  2.000000000000000E-003   5.79992125000000      -0.112268770117830     
  2.000000000000000E-003   6.10507500000000      -0.108643373072568     
  2.000000000000000E-003   6.41022875000000      -0.106065996016809     
  2.000000000000000E-003   6.71538250000000      -0.103797359896733     
  2.000000000000000E-003   7.02053625000000      -0.101110930453897     
  2.000000000000000E-003   7.32569000000000      -9.728888058201728E-002
  0.307153750000000       2.000000000000000E-003 -0.182193078221589     
  0.307153750000000       0.307153750000000      -0.181625349794719     
  0.307153750000000       0.612307500000000      -0.184746876648820     
  0.307153750000000       0.917461250000000      -0.189512492972156     
  0.307153750000000        1.22261500000000      -0.191848233705580     
  0.307153750000000        1.52776875000000      -0.192650583384570     
  0.307153750000000        1.83292250000000      -0.192624000340282     
  0.307153750000000        2.13807625000000      -0.191929431395097     
  0.307153750000000        2.44323000000000      -0.190399376296896     
  0.307153750000000        2.74838375000000      -0.187512943114956     
  0.307153750000000        3.05353750000000      -0.182854576647433     
  0.307153750000000        3.35869125000000      -0.176821404125029     
  0.307153750000000        3.66384500000000      -0.170757445644662     
  0.307153750000000        3.96899875000000      -0.165422394396504     
  0.307153750000000        4.27415250000000      -0.158691191686950     
  0.307153750000000        4.57930625000000      -0.149490567220217     
  0.307153750000000        4.88446000000000      -0.139930870236839     
  0.307153750000000        5.18961375000000      -0.131407389700027     
  0.307153750000000        5.49476750000000      -0.124083226661212     
  0.307153750000000        5.79992125000000      -0.118260242584844     
  0.307153750000000        6.10507500000000      -0.113746266767945     
  0.307153750000000        6.41022875000000      -0.109979089657929     
  0.307153750000000        6.71538250000000      -0.106051349442692     
  0.307153750000000        7.02053625000000      -0.102533748541786     
  0.307153750000000        7.32569000000000      -0.100746326248999     
  0.612307500000000       2.000000000000000E-003 -0.191827706675026     
  0.612307500000000       0.307153750000000      -0.196340606779435     
  0.612307500000000       0.612307500000000      -0.200969000872980     
  0.612307500000000       0.917461250000000      -0.206202574737337     
  0.612307500000000        1.22261500000000      -0.209581850907842     
  0.612307500000000        1.52776875000000      -0.211214647523293     
  0.612307500000000        1.83292250000000      -0.211541513376435     
  0.612307500000000        2.13807625000000      -0.210799841770062     
  0.612307500000000        2.44323000000000      -0.208742615987387     
  0.612307500000000        2.74838375000000      -0.204808785739372     
  0.612307500000000        3.05353750000000      -0.198260676820571     
  0.612307500000000        3.35869125000000      -0.189531561022857     
  0.612307500000000        3.66384500000000      -0.180680381167939     
  0.612307500000000        3.96899875000000      -0.173202629145649     
  0.612307500000000        4.27415250000000      -0.165509204597259     
  0.612307500000000        4.57930625000000      -0.156556429145435     
  0.612307500000000        4.88446000000000      -0.147324870192712     
  0.612307500000000        5.18961375000000      -0.138657567262036     
  0.612307500000000        5.49476750000000      -0.130883827246510     
  0.612307500000000        5.79992125000000      -0.124311175992385     
  0.612307500000000        6.10507500000000      -0.118836657869351     
  0.612307500000000        6.41022875000000      -0.114028769019972     
  0.612307500000000        6.71538250000000      -0.109423177185262     
  0.612307500000000        7.02053625000000      -0.105451243209135     
  0.612307500000000        7.32569000000000      -0.101859783145274     
  0.917461250000000       2.000000000000000E-003 -0.199515565755367     
  0.917461250000000       0.307153750000000      -0.209281008328805     
  0.917461250000000       0.612307500000000      -0.217260739661314     
  0.917461250000000       0.917461250000000      -0.223885233864045     
  0.917461250000000        1.22261500000000      -0.228616386184511     
  0.917461250000000        1.52776875000000      -0.231337147796444     
  0.917461250000000        1.83292250000000      -0.232222921955032     
  0.917461250000000        2.13807625000000      -0.231631370252625     
  0.917461250000000        2.44323000000000      -0.229120364568045     
  0.917461250000000        2.74838375000000      -0.224293748322907     
  0.917461250000000        3.05353750000000      -0.216832202470166     
  0.917461250000000        3.35869125000000      -0.206983792380739     
  0.917461250000000        3.66384500000000      -0.196177395578007     
  0.917461250000000        3.96899875000000      -0.185680817195738     
  0.917461250000000        4.27415250000000      -0.175466942180005     
  0.917461250000000        4.57930625000000      -0.165287230469329     
  0.917461250000000        4.88446000000000      -0.155426625313261     
  0.917461250000000        5.18961375000000      -0.146177187361670     
  0.917461250000000        5.49476750000000      -0.137739994049340     
  0.917461250000000        5.79992125000000      -0.130304989840643     
  0.917461250000000        6.10507500000000      -0.123801185756067     
  0.917461250000000        6.41022875000000      -0.117985682864695     
  0.917461250000000        6.71538250000000      -0.112628636274700     
  0.917461250000000        7.02053625000000      -0.107592078157368     
  0.917461250000000        7.32569000000000      -0.102347884883236     
   1.22261500000000       2.000000000000000E-003 -0.209233920714306     
   1.22261500000000       0.307153750000000      -0.222094100294721     
   1.22261500000000       0.612307500000000      -0.233350350562131     
   1.22261500000000       0.917461250000000      -0.242608300603545     
   1.22261500000000        1.22261500000000      -0.249424538754419     
   1.22261500000000        1.52776875000000      -0.253551841945987     
   1.22261500000000        1.83292250000000      -0.255208330741079     
   1.22261500000000        2.13807625000000      -0.254616063770958     
   1.22261500000000        2.44323000000000      -0.251386551328274     
   1.22261500000000        2.74838375000000      -0.245388444536969     
   1.22261500000000        3.05353750000000      -0.236708538343645     
   1.22261500000000        3.35869125000000      -0.225711852719586     
   1.22261500000000        3.66384500000000      -0.213171960738018     
   1.22261500000000        3.96899875000000      -0.200129579987144     
   1.22261500000000        4.27415250000000      -0.187364209577685     
   1.22261500000000        4.57930625000000      -0.175324994525153     
   1.22261500000000        4.88446000000000      -0.164193970976222     
   1.22261500000000        5.18961375000000      -0.153972321395294     
   1.22261500000000        5.49476750000000      -0.144608673638486     
   1.22261500000000        5.79992125000000      -0.136140300647664     
   1.22261500000000        6.10507500000000      -0.128510723765803     
   1.22261500000000        6.41022875000000      -0.121555116029099     
   1.22261500000000        6.71538250000000      -0.115124468307085     
   1.22261500000000        7.02053625000000      -0.109000156569867     
   1.22261500000000        7.32569000000000      -0.102865054725876     
   1.52776875000000       2.000000000000000E-003 -0.223228666674833     
   1.52776875000000       0.307153750000000      -0.238483555056296     
   1.52776875000000       0.612307500000000      -0.252503395761457     
   1.52776875000000       0.917461250000000      -0.264504112023448     
   1.52776875000000        1.22261500000000      -0.273605892249256     
   1.52776875000000        1.52776875000000      -0.279249596575052     
   1.52776875000000        1.83292250000000      -0.281467016670628     
   1.52776875000000        2.13807625000000      -0.280121325903061     
   1.52776875000000        2.44323000000000      -0.275378165606261     
   1.52776875000000        2.74838375000000      -0.267584687925975     
   1.52776875000000        3.05353750000000      -0.257098508891176     
   1.52776875000000        3.35869125000000      -0.244324659133260     
   1.52776875000000        3.66384500000000      -0.229896027553309     
   1.52776875000000        3.96899875000000      -0.214725917695531     
   1.52776875000000        4.27415250000000      -0.199800275439855     
   1.52776875000000        4.57930625000000      -0.185867302622570     
   1.52776875000000        4.88446000000000      -0.173243247965129     
   1.52776875000000        5.18961375000000      -0.161844391758801     
   1.52776875000000        5.49476750000000      -0.151420909632155     
   1.52776875000000        5.79992125000000      -0.141810898586804     
   1.52776875000000        6.10507500000000      -0.132998565493357     
   1.52776875000000        6.41022875000000      -0.124898458367041     
   1.52776875000000        6.71538250000000      -0.117428110012633     
   1.52776875000000        7.02053625000000      -0.110447290676922     
   1.52776875000000        7.32569000000000      -0.103766056175309     
   1.83292250000000       2.000000000000000E-003 -0.242856133243667     
   1.83292250000000       0.307153750000000      -0.260643292757498     
   1.83292250000000       0.612307500000000      -0.277233168481234     
   1.83292250000000       0.917461250000000      -0.291785928855247     
   1.83292250000000        1.22261500000000      -0.303065480711946     
   1.83292250000000        1.52776875000000      -0.309965714030666     
   1.83292250000000        1.83292250000000      -0.311760545885599     
   1.83292250000000        2.13807625000000      -0.308511564120319     
   1.83292250000000        2.44323000000000      -0.301032227991554     
   1.83292250000000        2.74838375000000      -0.290379627138548     
   1.83292250000000        3.05353750000000      -0.277352126871161     
   1.83292250000000        3.35869125000000      -0.262411397174551     
   1.83292250000000        3.66384500000000      -0.246001425807567     
   1.83292250000000        3.96899875000000      -0.228855814029109     
   1.83292250000000        4.27415250000000      -0.211962386438169     
   1.83292250000000        4.57930625000000      -0.196223172725032     
   1.83292250000000        4.88446000000000      -0.182092150017021     
   1.83292250000000        5.18961375000000      -0.169480192840010     
   1.83292250000000        5.49476750000000      -0.157998360073310     
   1.83292250000000        5.79992125000000      -0.147321005665834     
   1.83292250000000        6.10507500000000      -0.137370355428478     
   1.83292250000000        6.41022875000000      -0.128217590798765     
   1.83292250000000        6.71538250000000      -0.119876453928598     
   1.83292250000000        7.02053625000000      -0.112251192605110     
   1.83292250000000        7.32569000000000      -0.105165145890586     
   2.13807625000000       2.000000000000000E-003 -0.269321044469184     
   2.13807625000000       0.307153750000000      -0.290066409956208     
   2.13807625000000       0.612307500000000      -0.308978035841109     
   2.13807625000000       0.917461250000000      -0.325591507689564     
   2.13807625000000        1.22261500000000      -0.338470971861468     
   2.13807625000000        1.52776875000000      -0.345729306602269     
   2.13807625000000        1.83292250000000      -0.346084831862216     
   2.13807625000000        2.13807625000000      -0.339713291980407     
   2.13807625000000        2.44323000000000      -0.328158475578414     
   2.13807625000000        2.74838375000000      -0.313408074220955     
   2.13807625000000        3.05353750000000      -0.296916758723470     
   2.13807625000000        3.35869125000000      -0.279301514768299     
   2.13807625000000        3.66384500000000      -0.260786395550990     
   2.13807625000000        3.96899875000000      -0.241801496846544     
   2.13807625000000        4.27415250000000      -0.223169161940380     
   2.13807625000000        4.57930625000000      -0.205817578056414     
   2.13807625000000        4.88446000000000      -0.190302369648095     
   2.13807625000000        5.18961375000000      -0.176559410876486     
   2.13807625000000        5.49476750000000      -0.164107039116937     
   2.13807625000000        5.79992125000000      -0.152489996235099     
   2.13807625000000        6.10507500000000      -0.141579835936902     
   2.13807625000000        6.41022875000000      -0.131528643207565     
   2.13807625000000        6.71538250000000      -0.122492867747817     
   2.13807625000000        7.02053625000000      -0.114411392379314     
   2.13807625000000        7.32569000000000      -0.107017205574219     
   2.44323000000000       2.000000000000000E-003 -0.303950538102611     
   2.44323000000000       0.307153750000000      -0.328102721208445     
   2.44323000000000       0.612307500000000      -0.348622363055791     
   2.44323000000000       0.917461250000000      -0.365847110963429     
   2.44323000000000        1.22261500000000      -0.378786942717279     
   2.44323000000000        1.52776875000000      -0.385198933124038     
   2.44323000000000        1.83292250000000      -0.383133662490203     
   2.44323000000000        2.13807625000000      -0.372653402301727     
   2.44323000000000        2.44323000000000      -0.355963439246275     
   2.44323000000000        2.74838375000000      -0.336085940041412     
   2.44323000000000        3.05353750000000      -0.315308802623567     
   2.44323000000000        3.35869125000000      -0.294534633920710     
   2.44323000000000        3.66384500000000      -0.273780885258901     
   2.44323000000000        3.96899875000000      -0.253081431351596     
   2.44323000000000        4.27415250000000      -0.232956417026639     
   2.44323000000000        4.57930625000000      -0.214244489715127     
   2.44323000000000        4.88446000000000      -0.197544383499763     
   2.44323000000000        5.18961375000000      -0.182817808517378     
   2.44323000000000        5.49476750000000      -0.169524656608609     
   2.44323000000000        5.79992125000000      -0.157112291266530     
   2.44323000000000        6.10507500000000      -0.145410612412019     
   2.44323000000000        6.41022875000000      -0.134635016557894     
   2.44323000000000        6.71538250000000      -0.125060163446949     
   2.44323000000000        7.02053625000000      -0.116672865683292     
   2.44323000000000        7.32569000000000      -0.109089124853890     
   2.74838375000000       2.000000000000000E-003 -0.347543165071155     
   2.74838375000000       0.307153750000000      -0.375773295208188     
   2.74838375000000       0.612307500000000      -0.397981502241132     
   2.74838375000000       0.917461250000000      -0.413038873712551     
   2.74838375000000        1.22261500000000      -0.421986928148311     
   2.74838375000000        1.52776875000000      -0.425419536198383     
   2.74838375000000        1.83292250000000      -0.419959830087310     
   2.74838375000000        2.13807625000000      -0.404860410128403     
   2.74838375000000        2.44323000000000      -0.382628773611620     
   2.74838375000000        2.74838375000000      -0.357214362363885     
   2.74838375000000        3.05353750000000      -0.331794054152827     
   2.74838375000000        3.35869125000000      -0.307666014391282     
   2.74838375000000        3.66384500000000      -0.284676908109433     
   2.74838375000000        3.96899875000000      -0.262414980437937     
   2.74838375000000        4.27415250000000      -0.241037151789909     
   2.74838375000000        4.57930625000000      -0.221228858521657     
   2.74838375000000        4.88446000000000      -0.203572885929578     
   2.74838375000000        5.18961375000000      -0.188039052531000     
   2.74838375000000        5.49476750000000      -0.174052187648440     
   2.74838375000000        5.79992125000000      -0.160992512991462     
   2.74838375000000        6.10507500000000      -0.148659618169882     
   2.74838375000000        6.41022875000000      -0.137330336341266     
   2.74838375000000        6.71538250000000      -0.127364437946551     
   2.74838375000000        7.02053625000000      -0.118876272921252     
   2.74838375000000        7.32569000000000      -0.111382896133731     
   3.05353750000000       2.000000000000000E-003 -0.394206171106383     
   3.05353750000000       0.307153750000000      -0.426784593203134     
   3.05353750000000       0.612307500000000      -0.450183773032532     
   3.05353750000000       0.917461250000000      -0.463555268485193     
   3.05353750000000        1.22261500000000      -0.464397607555310     
   3.05353750000000        1.52776875000000      -0.461689308814903     
   3.05353750000000        1.83292250000000      -0.452093211465378     
   3.05353750000000        2.13807625000000      -0.432565876209391     
   3.05353750000000        2.44323000000000      -0.405298482263504     
   3.05353750000000        2.74838375000000      -0.374869999509499     
   3.05353750000000        3.05353750000000      -0.345238223724926     
   3.05353750000000        3.35869125000000      -0.318109817359099     
   3.05353750000000        3.66384500000000      -0.293177601622631     
   3.05353750000000        3.96899875000000      -0.269589689668063     
   3.05353750000000        4.27415250000000      -0.247190158900281     
   3.05353750000000        4.57930625000000      -0.226534406627243     
   3.05353750000000        4.88446000000000      -0.208156730171746     
   3.05353750000000        5.18961375000000      -0.192010116012651     
   3.05353750000000        5.49476750000000      -0.177493529598464     
   3.05353750000000        5.79992125000000      -0.163940793806781     
   3.05353750000000        6.10507500000000      -0.151122407793764     
   3.05353750000000        6.41022875000000      -0.139295872966577     
   3.05353750000000        6.71538250000000      -0.128902663733976     
   3.05353750000000        7.02053625000000      -0.120513573683490     
   3.05353750000000        7.32569000000000      -0.113472902669471     
   3.35869125000000       2.000000000000000E-003 -0.427630849988941     
   3.35869125000000       0.307153750000000      -0.466144874508218     
   3.35869125000000       0.612307500000000      -0.492362104240397     
   3.35869125000000       0.917461250000000      -0.503491635862837     
   3.35869125000000        1.22261500000000      -0.498479204407050     
   3.35869125000000        1.52776875000000      -0.487772102725973     
   3.35869125000000        1.83292250000000      -0.474342623070218     
   3.35869125000000        2.13807625000000      -0.451504361361294     
   3.35869125000000        2.44323000000000      -0.420682715783573     
   3.35869125000000        2.74838375000000      -0.386754240993569     
   3.35869125000000        3.05353750000000      -0.354207112336392     
   3.35869125000000        3.35869125000000      -0.325046838714546     
   3.35869125000000        3.66384500000000      -0.298811174399280     
   3.35869125000000        3.96899875000000      -0.274276014491877     
   3.35869125000000        4.27415250000000      -0.251131315668571     
   3.35869125000000        4.57930625000000      -0.229893591590909     
   3.35869125000000        4.88446000000000      -0.211047010264726     
   3.35869125000000        5.18961375000000      -0.194510588971783     
   3.35869125000000        5.49476750000000      -0.179657174644395     
   3.35869125000000        5.79992125000000      -0.165786273029865     
   3.35869125000000        6.10507500000000      -0.152624300986565     
   3.35869125000000        6.41022875000000      -0.140312836499543     
   3.35869125000000        6.71538250000000      -0.129408731623901     
   3.35869125000000        7.02053625000000      -0.121077914353696     
   3.35869125000000        7.32569000000000      -0.114493990201206     
   3.66384500000000       2.000000000000000E-003 -0.434451710249018     
   3.66384500000000       0.307153750000000      -0.478954258928972     
   3.66384500000000       0.612307500000000      -0.508616188707377     
   3.66384500000000       0.917461250000000      -0.518917057564130     
   3.66384500000000        1.22261500000000      -0.511757307643096     
   3.66384500000000        1.52776875000000      -0.497414779252791     
   3.66384500000000        1.83292250000000      -0.482343403730907     
   3.66384500000000        2.13807625000000      -0.458256371968470     
   3.66384500000000        2.44323000000000      -0.426145525199833     
   3.66384500000000        2.74838375000000      -0.390962165798759     
   3.66384500000000        3.05353750000000      -0.357382867036521     
   3.66384500000000        3.35869125000000      -0.327523861554407     
   3.66384500000000        3.66384500000000      -0.300843098810568     
   3.66384500000000        3.96899875000000      -0.275946751250180     
   3.66384500000000        4.27415250000000      -0.252507107114742     
   3.66384500000000        4.57930625000000      -0.231051028890301     
   3.66384500000000        4.88446000000000      -0.212037931026435     
   3.66384500000000        5.18961375000000      -0.195367214077725     
   3.66384500000000        5.49476750000000      -0.180398157655707     
   3.66384500000000        5.79992125000000      -0.166415875052620     
   3.66384500000000        6.10507500000000      -0.153119724062224     
   3.66384500000000        6.41022875000000      -0.140589477796543     
   3.66384500000000        6.71538250000000      -0.129396392948683     
   3.66384500000000        7.02053625000000      -0.121101353442911     
   3.66384500000000        7.32569000000000      -0.114927469785286     
   3.96899875000000       2.000000000000000E-003 -0.427628073838489     
   3.96899875000000       0.307153750000000      -0.466246438646142     
   3.96899875000000       0.612307500000000      -0.492460846686747     
   3.96899875000000       0.917461250000000      -0.503557587434600     
   3.96899875000000        1.22261500000000      -0.498517427560515     
   3.96899875000000        1.52776875000000      -0.487794283681321     
   3.96899875000000        1.83292250000000      -0.474356383157317     
   3.96899875000000        2.13807625000000      -0.451512726893367     
   3.96899875000000        2.44323000000000      -0.420687690385718     
   3.96899875000000        2.74838375000000      -0.386757405165653     
   3.96899875000000        3.05353750000000      -0.354209640303241     
   3.96899875000000        3.35869125000000      -0.325049395227724     
   3.96899875000000        3.66384500000000      -0.298813985408146     
   3.96899875000000        3.96899875000000      -0.274279142427563     
   3.96899875000000        4.27415250000000      -0.251134749353003     
   3.96899875000000        4.57930625000000      -0.229897389679262     
   3.96899875000000        4.88446000000000      -0.211051272738378     
   3.96899875000000        5.18961375000000      -0.194515431726765     
   3.96899875000000        5.49476750000000      -0.179662690847720     
   3.96899875000000        5.79992125000000      -0.165792716253382     
   3.96899875000000        6.10507500000000      -0.152632665029496     
   3.96899875000000        6.41022875000000      -0.140324962019540     
   3.96899875000000        6.71538250000000      -0.129425452636105     
   3.96899875000000        7.02053625000000      -0.121094611634511     
   3.96899875000000        7.32569000000000      -0.114494068159260     
   4.27415250000000       2.000000000000000E-003 -0.394199845443623     
   4.27415250000000       0.307153750000000      -0.426879223682356     
   4.27415250000000       0.612307500000000      -0.450298795753452     
   4.27415250000000       0.917461250000000      -0.463643934870617     
   4.27415250000000        1.22261500000000      -0.464453922378481     
   4.27415250000000        1.52776875000000      -0.461725790566147     
   4.27415250000000        1.83292250000000      -0.452117080701926     
   4.27415250000000        2.13807625000000      -0.432580953177675     
   4.27415250000000        2.44323000000000      -0.405307879207902     
   4.27415250000000        2.74838375000000      -0.374876355813569     
   4.27415250000000        3.05353750000000      -0.345243520194468     
   4.27415250000000        3.35869125000000      -0.318115164288266     
   4.27415250000000        3.66384500000000      -0.293183433757085     
   4.27415250000000        3.96899875000000      -0.269596060655338     
   4.27415250000000        4.27415250000000      -0.247197043085590     
   4.27415250000000        4.57930625000000      -0.226541879880604     
   4.27415250000000        4.88446000000000      -0.208164949843669     
   4.27415250000000        5.18961375000000      -0.192019199545380     
   4.27415250000000        5.49476750000000      -0.177503586466456     
   4.27415250000000        5.79992125000000      -0.163952026356251     
   4.27415250000000        6.10507500000000      -0.151135676771164     
   4.27415250000000        6.41022875000000      -0.139313147280890     
   4.27415250000000        6.71538250000000      -0.128923191177080     
   4.27415250000000        7.02053625000000      -0.120530096727869     
   4.27415250000000        7.32569000000000      -0.113472863036226     
   4.57930625000000       2.000000000000000E-003 -0.347532858683912     
   4.57930625000000       0.307153750000000      -0.375830993719069     
   4.57930625000000       0.612307500000000      -0.398065773383896     
   4.57930625000000       0.917461250000000      -0.413113237326421     
   4.57930625000000        1.22261500000000      -0.422043028049819     
   4.57930625000000        1.52776875000000      -0.425460666266972     
   4.57930625000000        1.83292250000000      -0.419988800080584     
   4.57930625000000        2.13807625000000      -0.404879985488156     
   4.57930625000000        2.44323000000000      -0.382642011210537     
   4.57930625000000        2.74838375000000      -0.357224214925413     
   4.57930625000000        3.05353750000000      -0.331802735628450     
   4.57930625000000        3.35869125000000      -0.307674778846264     
   4.57930625000000        3.66384500000000      -0.284686194578239     
   4.57930625000000        3.96899875000000      -0.262424831451725     
   4.57930625000000        4.27415250000000      -0.241047501308991     
   4.57930625000000        4.57930625000000      -0.221239767167657     
   4.57930625000000        4.88446000000000      -0.203584472075728     
   4.57930625000000        5.18961375000000      -0.188051388433720     
   4.57930625000000        5.49476750000000      -0.174065269555741     
   4.57930625000000        5.79992125000000      -0.161006281593092     
   4.57930625000000        6.10507500000000      -0.148674236297457     
   4.57930625000000        6.41022875000000      -0.137346395747581     
   4.57930625000000        6.71538250000000      -0.127380994438493     
   4.57930625000000        7.02053625000000      -0.118887808868212     
   4.57930625000000        7.32569000000000      -0.111383047152481     
   4.88446000000000       2.000000000000000E-003 -0.303938810994462     
   4.88446000000000       0.307153750000000      -0.328130315881870     
   4.88446000000000       0.612307500000000      -0.348671283877726     
   4.88446000000000       0.917461250000000      -0.365899752801190     
   4.88446000000000        1.22261500000000      -0.378834454978996     
   4.88446000000000        1.52776875000000      -0.385237996633768     
   4.88446000000000        1.83292250000000      -0.383163803997012     
   4.88446000000000        2.13807625000000      -0.372675874121091     
   4.88446000000000        2.44323000000000      -0.355980550369807     
   4.88446000000000        2.74838375000000      -0.336100116156716     
   4.88446000000000        3.05353750000000      -0.315321904435974     
   4.88446000000000        3.35869125000000      -0.294547692762017     
   4.88446000000000        3.66384500000000      -0.273794206460036     
   4.88446000000000        3.96899875000000      -0.253095010325418     
   4.88446000000000        4.27415250000000      -0.232970206172915     
   4.88446000000000        4.57930625000000      -0.214258475685218     
   4.88446000000000        4.88446000000000      -0.197558651387040     
   4.88446000000000        5.18961375000000      -0.182832313167227     
   4.88446000000000        5.49476750000000      -0.169539231231009     
   4.88446000000000        5.79992125000000      -0.157126662723089     
   4.88446000000000        6.10507500000000      -0.145424445976649     
   4.88446000000000        6.41022875000000      -0.134647927066080     
   4.88446000000000        6.71538250000000      -0.125071207900607     
   4.88446000000000        7.02053625000000      -0.116679812201503     
   4.88446000000000        7.32569000000000      -0.109089442102187     
   5.18961375000000       2.000000000000000E-003 -0.269309550571475     
   5.18961375000000       0.307153750000000      -0.290076632137971     
   5.18961375000000       0.612307500000000      -0.309004894492008     
   5.18961375000000       0.917461250000000      -0.325626824059165     
   5.18961375000000        1.22261500000000      -0.338507798074506     
   5.18961375000000        1.52776875000000      -0.345763331484635     
   5.18961375000000        1.83292250000000      -0.346114249380566     
   5.18961375000000        2.13807625000000      -0.339738196664264     
   5.18961375000000        2.44323000000000      -0.328180054084195     
   5.18961375000000        2.74838375000000      -0.313427747325608     
   5.18961375000000        3.05353750000000      -0.296935591878315     
   5.18961375000000        3.35869125000000      -0.279319942338942     
   5.18961375000000        3.66384500000000      -0.260804450006797     
   5.18961375000000        3.96899875000000      -0.241819060573343     
   5.18961375000000        4.27415250000000      -0.223186206495134     
   5.18961375000000        4.57930625000000      -0.205834158966628     
   5.18961375000000        4.88446000000000      -0.190318530618591     
   5.18961375000000        5.18961375000000      -0.176575046848708     
   5.18961375000000        5.49476750000000      -0.164121909223125     
   5.18961375000000        5.79992125000000      -0.152503696266397     
   5.18961375000000        6.10507500000000      -0.141591900997051     
   5.18961375000000        6.41022875000000      -0.131538509789012     
   5.18961375000000        6.71538250000000      -0.122499904949403     
   5.18961375000000        7.02053625000000      -0.114414986379497     
   5.18961375000000        7.32569000000000      -0.107017220371544     
   5.49476750000000       2.000000000000000E-003 -0.242843983750641     
   5.49476750000000       0.307153750000000      -0.260642588337478     
   5.49476750000000       0.612307500000000      -0.277244721071065     
   5.49476750000000       0.917461250000000      -0.291807218216907     
   5.49476750000000        1.22261500000000      -0.303092265002490     
   5.49476750000000        1.52776875000000      -0.309994364002731     
   5.49476750000000        1.83292250000000      -0.311789030719872     
   5.49476750000000        2.13807625000000      -0.308539186227353     
   5.49476750000000        2.44323000000000      -0.301059063839356     
   5.49476750000000        2.74838375000000      -0.290405896931867     
   5.49476750000000        3.05353750000000      -0.277377814753971     
   5.49476750000000        3.35869125000000      -0.262436143193663     
   5.49476750000000        3.66384500000000      -0.246024692745309     
   5.49476750000000        3.96899875000000      -0.228877402842745     
   5.49476750000000        4.27415250000000      -0.211982354184472     
   5.49476750000000        4.57930625000000      -0.196241730591105     
   5.49476750000000        4.88446000000000      -0.182109433923345     
   5.49476750000000        5.18961375000000      -0.169496130907954     
   5.49476750000000        5.49476750000000      -0.158012709908668     
   5.49476750000000        5.79992125000000      -0.147333408142038     
   5.49476750000000        6.10507500000000      -0.137380338227899     
   5.49476750000000        6.41022875000000      -0.128224582698919     
   5.49476750000000        6.71538250000000      -0.119880084298605     
   5.49476750000000        7.02053625000000      -0.112251881164482     
   5.49476750000000        7.32569000000000      -0.105164012948500     
   5.79992125000000       2.000000000000000E-003 -0.223216384594618     
   5.79992125000000       0.307153750000000      -0.238474987126199     
   5.79992125000000       0.612307500000000      -0.252503313829079     
   5.79992125000000       0.917461250000000      -0.264514044792902     
   5.79992125000000        1.22261500000000      -0.273624280199199     
   5.79992125000000        1.52776875000000      -0.279273733302072     
   5.79992125000000        1.83292250000000      -0.281494887964238     
   5.79992125000000        2.13807625000000      -0.280151752298840     
   5.79992125000000        2.44323000000000      -0.275410386098668     
   5.79992125000000        2.74838375000000      -0.267617972430822     
   5.79992125000000        3.05353750000000      -0.257131817981400     
   5.79992125000000        3.35869125000000      -0.244356507756472     
   5.79992125000000        3.66384500000000      -0.229924976575309     
   5.79992125000000        3.96899875000000      -0.214751342568861     
   5.79992125000000        4.27415250000000      -0.199822582041685     
   5.79992125000000        4.57930625000000      -0.185887141980536     
   5.79992125000000        4.88446000000000      -0.173260982210206     
   5.79992125000000        5.18961375000000      -0.161860040805644     
   5.79992125000000        5.49476750000000      -0.151434339576124     
   5.79992125000000        5.79992125000000      -0.141821863842707     
   5.79992125000000        6.10507500000000      -0.133006665333446     
   5.79992125000000        6.41022875000000      -0.124903252772258     
   5.79992125000000        6.71538250000000      -0.117429614961141     
   5.79992125000000        7.02053625000000      -0.110446158609678     
   5.79992125000000        7.32569000000000      -0.103763504986864     
   6.10507500000000       2.000000000000000E-003 -0.209221265674408     
   6.10507500000000       0.307153750000000      -0.222077974900296     
   6.10507500000000       0.612307500000000      -0.233340150817673     
   6.10507500000000       0.917461250000000      -0.242609063289289     
   6.10507500000000        1.22261500000000      -0.249436319214851     
   6.10507500000000        1.52776875000000      -0.253572357688654     
   6.10507500000000        1.83292250000000      -0.255235467111322     
   6.10507500000000        2.13807625000000      -0.254648494383952     
   6.10507500000000        2.44323000000000      -0.251423268843053     
   6.10507500000000        2.74838375000000      -0.245428458073446     
   6.10507500000000        3.05353750000000      -0.236750357555278     
   6.10507500000000        3.35869125000000      -0.225752433162684     
   6.10507500000000        3.66384500000000      -0.213207331962684     
   6.10507500000000        3.96899875000000      -0.200158351438745     
   6.10507500000000        4.27415250000000      -0.187388009279999     
   6.10507500000000        4.57930625000000      -0.175345524132608     
   6.10507500000000        4.88446000000000      -0.164211795139998     
   6.10507500000000        5.18961375000000      -0.153987491296391     
   6.10507500000000        5.49476750000000      -0.144621116622224     
   6.10507500000000        5.79992125000000      -0.136150007488888     
   6.10507500000000        6.10507500000000      -0.128517809988715     
   6.10507500000000        6.41022875000000      -0.121559990798197     
   6.10507500000000        6.71538250000000      -0.115127556168972     
   6.10507500000000        7.02053625000000      -0.109000812277466     
   6.10507500000000        7.32569000000000      -0.102862032115310     
   6.41022875000000       2.000000000000000E-003 -0.199501563414285     
   6.41022875000000       0.307153750000000      -0.209254320281588     
   6.41022875000000       0.612307500000000      -0.217238015782447     
   6.41022875000000       0.917461250000000      -0.223876451020442     
   6.41022875000000        1.22261500000000      -0.228622113916469     
   6.41022875000000        1.52776875000000      -0.231354120035486     
   6.41022875000000        1.83292250000000      -0.232248382422994     
   6.41022875000000        2.13807625000000      -0.231663972521045     
   6.41022875000000        2.44323000000000      -0.229159543102857     
   6.41022875000000        2.74838375000000      -0.224339816294635     
   6.41022875000000        3.05353750000000      -0.216883994317217     
   6.41022875000000        3.35869125000000      -0.207034557967237     
   6.41022875000000        3.66384500000000      -0.196218971972124     
   6.41022875000000        3.96899875000000      -0.185711571065420     
   6.41022875000000        4.27415250000000      -0.175491109395727     
   6.41022875000000        4.57930625000000      -0.165308244557378     
   6.41022875000000        4.88446000000000      -0.155444894491194     
   6.41022875000000        5.18961375000000      -0.146192232939492     
   6.41022875000000        5.49476750000000      -0.137751701114910     
   6.41022875000000        5.79992125000000      -0.130313812682012     
   6.41022875000000        6.10507500000000      -0.123808555351809     
   6.41022875000000        6.41022875000000      -0.117994088251661     
   6.41022875000000        6.71538250000000      -0.112640436121608     
   6.41022875000000        7.02053625000000      -0.107603662635814     
   6.41022875000000        7.32569000000000      -0.102347656974261     
   6.71538250000000       2.000000000000000E-003 -0.191812249292747     
   6.71538250000000       0.307153750000000      -0.196296145963517     
   6.71538250000000       0.612307500000000      -0.200927846357682     
   6.71538250000000       0.917461250000000      -0.206183165942144     
   6.71538250000000        1.22261500000000      -0.209582083918531     
   6.71538250000000        1.52776875000000      -0.211227920134048     
   6.71538250000000        1.83292250000000      -0.211563887654783     
   6.71538250000000        2.13807625000000      -0.210830025370731     
   6.71538250000000        2.44323000000000      -0.208781022460199     
   6.71538250000000        2.74838375000000      -0.204857812746476     
   6.71538250000000        3.05353750000000      -0.198319194385269     
   6.71538250000000        3.35869125000000      -0.189590427102643     
   6.71538250000000        3.66384500000000      -0.180724933515203     
   6.71538250000000        3.96899875000000      -0.173232946560544     
   6.71538250000000        4.27415250000000      -0.165534575205946     
   6.71538250000000        4.57930625000000      -0.156579650620636     
   6.71538250000000        4.88446000000000      -0.147344962801209     
   6.71538250000000        5.18961375000000      -0.138673438365108     
   6.71538250000000        5.49476750000000      -0.130895325549496     
   6.71538250000000        5.79992125000000      -0.124319602869231     
   6.71538250000000        6.10507500000000      -0.118845035924116     
   6.71538250000000        6.41022875000000      -0.114042897986870     
   6.71538250000000        6.71538250000000      -0.109450820607076     
   6.71538250000000        7.02053625000000      -0.105487403180760     
   6.71538250000000        7.32569000000000      -0.101866750801620     
   7.02053625000000       2.000000000000000E-003 -0.182181690387571     
   7.02053625000000       0.307153750000000      -0.181562932364713     
   7.02053625000000       0.612307500000000      -0.184692825832800     
   7.02053625000000       0.917461250000000      -0.189490245714921     
   7.02053625000000        1.22261500000000      -0.191847201835364     
   7.02053625000000        1.52776875000000      -0.192661302792123     
   7.02053625000000        1.83292250000000      -0.192642337551198     
   7.02053625000000        2.13807625000000      -0.191954541061488     
   7.02053625000000        2.44323000000000      -0.190432238051057     
   7.02053625000000        2.74838375000000      -0.187555829161250     
   7.02053625000000        3.05353750000000      -0.182908053281154     
   7.02053625000000        3.35869125000000      -0.176877891710245     
   7.02053625000000        3.66384500000000      -0.170796176994800     
   7.02053625000000        3.96899875000000      -0.165451925810832     
   7.02053625000000        4.27415250000000      -0.158722648785260     
   7.02053625000000        4.57930625000000      -0.149520238246321     
   7.02053625000000        4.88446000000000      -0.139955125767969     
   7.02053625000000        5.18961375000000      -0.131425277658918     
   7.02053625000000        5.49476750000000      -0.124095332656085     
   7.02053625000000        5.79992125000000      -0.118268579280900     
   7.02053625000000        6.10507500000000      -0.113754637700437     
   7.02053625000000        6.41022875000000      -0.109994954421739     
   7.02053625000000        6.71538250000000      -0.106086187793004     
   7.02053625000000        7.02053625000000      -0.102583385490556     
   7.02053625000000        7.32569000000000      -0.100753495307757     
   7.32569000000000       2.000000000000000E-003 -0.170911022694468     
   7.32569000000000       0.307153750000000      -0.174419090796060     
   7.32569000000000       0.612307500000000      -0.174808392780146     
   7.32569000000000       0.917461250000000      -0.175407260989418     
   7.32569000000000        1.22261500000000      -0.175694033985774     
   7.32569000000000        1.52776875000000      -0.175707981535277     
   7.32569000000000        1.83292250000000      -0.175479692295111     
   7.32569000000000        2.13807625000000      -0.174960333974508     
   7.32569000000000        2.44323000000000      -0.173984278875154     
   7.32569000000000        2.74838375000000      -0.172444621299543     
   7.32569000000000        3.05353750000000      -0.170392498089366     
   7.32569000000000        3.35869125000000      -0.167918655422917     
   7.32569000000000        3.66384500000000      -0.163923528285756     
   7.32569000000000        3.96899875000000      -0.159162241888565     
   7.32569000000000        4.27415250000000      -0.152476141134528     
   7.32569000000000        4.57930625000000      -0.142537096976642     
   7.32569000000000        4.88446000000000      -0.132618423190912     
   7.32569000000000        5.18961375000000      -0.124240529369184     
   7.32569000000000        5.49476750000000      -0.117407937004004     
   7.32569000000000        5.79992125000000      -0.112276819540117     
   7.32569000000000        6.10507500000000      -0.108649368179989     
   7.32569000000000        6.41022875000000      -0.106074772704067     
   7.32569000000000        6.71538250000000      -0.103813691626080     
   7.32569000000000        7.02053625000000      -0.101126551027657     
   7.32569000000000        7.32569000000000      -9.728611788867912E-002
