  2.000000000000000E-003  2.000000000000000E-003  -2.00056912367811     
  2.000000000000000E-003  0.307153750000000       -1.87796816046269     
  2.000000000000000E-003  0.612307500000000       -1.52616424534832     
  2.000000000000000E-003  0.917461250000000       -1.11376696767205     
  2.000000000000000E-003   1.22261500000000      -0.812894851769163     
  2.000000000000000E-003   1.52776875000000      -0.612662635177523     
  2.000000000000000E-003   1.83292250000000      -0.477527580038789     
  2.000000000000000E-003   2.13807625000000      -0.383109506473237     
  2.000000000000000E-003   2.44323000000000      -0.313310947282764     
  2.000000000000000E-003   2.74838375000000      -0.260422803443696     
  2.000000000000000E-003   3.05353750000000      -0.223178423789007     
  2.000000000000000E-003   3.35869125000000      -0.204360426407587     
  2.000000000000000E-003   3.66384500000000      -0.196440552795686     
  2.000000000000000E-003   3.96899875000000      -0.169259614142875     
  2.000000000000000E-003   4.27415250000000      -0.148383355288216     
  2.000000000000000E-003   4.57930625000000      -0.132525571040754     
  2.000000000000000E-003   4.88446000000000      -0.120485235253983     
  2.000000000000000E-003   5.18961375000000      -0.110881484934002     
  2.000000000000000E-003   5.49476750000000      -0.102235893795372     
  2.000000000000000E-003   5.79992125000000      -9.500447836541845E-002
  2.000000000000000E-003   6.10507500000000      -8.812637447896655E-002
  2.000000000000000E-003   6.41022875000000      -7.970532295445919E-002
  2.000000000000000E-003   6.71538250000000      -6.900818604029604E-002
  2.000000000000000E-003   7.02053625000000      -6.421368287041145E-002
  2.000000000000000E-003   7.32569000000000      -6.580812419490296E-002
  0.307153750000000       2.000000000000000E-003  -1.87795077151241     
  0.307153750000000       0.307153750000000       -1.71191985107393     
  0.307153750000000       0.612307500000000       -1.38738986701617     
  0.307153750000000       0.917461250000000       -1.04166464073556     
  0.307153750000000        1.22261500000000      -0.777474617488066     
  0.307153750000000        1.52776875000000      -0.594395824199583     
  0.307153750000000        1.83292250000000      -0.467748072169984     
  0.307153750000000        2.13807625000000      -0.378022187108772     
  0.307153750000000        2.44323000000000      -0.311535846151916     
  0.307153750000000        2.74838375000000      -0.261389719219659     
  0.307153750000000        3.05353750000000      -0.226978433870452     
  0.307153750000000        3.35869125000000      -0.209389488607765     
  0.307153750000000        3.66384500000000      -0.198358782727866     
  0.307153750000000        3.96899875000000      -0.174569707686394     
  0.307153750000000        4.27415250000000      -0.151308288728536     
  0.307153750000000        4.57930625000000      -0.133904673358343     
  0.307153750000000        4.88446000000000      -0.121228763441930     
  0.307153750000000        5.18961375000000      -0.111289309918165     
  0.307153750000000        5.49476750000000      -0.102639609847853     
  0.307153750000000        5.79992125000000      -9.553604192473489E-002
  0.307153750000000        6.10507500000000      -8.903320413429318E-002
  0.307153750000000        6.41022875000000      -8.169157758078611E-002
  0.307153750000000        6.71538250000000      -7.329890315809140E-002
  0.307153750000000        7.02053625000000      -6.971062224258254E-002
  0.307153750000000        7.32569000000000      -7.244111668772377E-002
  0.612307500000000       2.000000000000000E-003  -1.52614688224448     
  0.612307500000000       0.307153750000000       -1.38737974318457     
  0.612307500000000       0.612307500000000       -1.13093964907355     
  0.612307500000000       0.917461250000000      -0.888124490252763     
  0.612307500000000        1.22261500000000      -0.693384163356014     
  0.612307500000000        1.52776875000000      -0.548143432773484     
  0.612307500000000        1.83292250000000      -0.441865798023629     
  0.612307500000000        2.13807625000000      -0.363822699636208     
  0.612307500000000        2.44323000000000      -0.305401519995118     
  0.612307500000000        2.74838375000000      -0.261460499061452     
  0.612307500000000        3.05353750000000      -0.231458776076033     
  0.612307500000000        3.35869125000000      -0.213475832387644     
  0.612307500000000        3.66384500000000      -0.198667348986605     
  0.612307500000000        3.96899875000000      -0.177453227535569     
  0.612307500000000        4.27415250000000      -0.154595051926920     
  0.612307500000000        4.57930625000000      -0.136151117437371     
  0.612307500000000        4.88446000000000      -0.122674410552490     
  0.612307500000000        5.18961375000000      -0.112215312004735     
  0.612307500000000        5.49476750000000      -0.103691059078483     
  0.612307500000000        5.79992125000000      -9.684052669749173E-002
  0.612307500000000        6.10507500000000      -9.105835370856499E-002
  0.612307500000000        6.41022875000000      -8.551979860632009E-002
  0.612307500000000        6.71538250000000      -8.026874874437137E-002
  0.612307500000000        7.02053625000000      -7.722009291136457E-002
  0.612307500000000        7.32569000000000      -7.638656087934202E-002
  0.917461250000000       2.000000000000000E-003  -1.11375406659719     
  0.917461250000000       0.307153750000000       -1.04165480866295     
  0.917461250000000       0.612307500000000      -0.888120681670934     
  0.917461250000000       0.917461250000000      -0.730774693899260     
  0.917461250000000        1.22261500000000      -0.596786437173614     
  0.917461250000000        1.52776875000000      -0.489861094696733     
  0.917461250000000        1.83292250000000      -0.406978668271190     
  0.917461250000000        2.13807625000000      -0.343065609718987     
  0.917461250000000        2.44323000000000      -0.294067990104388     
  0.917461250000000        2.74838375000000      -0.256952069040840     
  0.917461250000000        3.05353750000000      -0.230000950532566     
  0.917461250000000        3.35869125000000      -0.210686469235794     
  0.917461250000000        3.66384500000000      -0.193485565898941     
  0.917461250000000        3.96899875000000      -0.174102686502582     
  0.917461250000000        4.27415250000000      -0.154093626999678     
  0.917461250000000        4.57930625000000      -0.136932845503789     
  0.917461250000000        4.88446000000000      -0.123558957962616     
  0.917461250000000        5.18961375000000      -0.113152677049502     
  0.917461250000000        5.49476750000000      -0.104945283116755     
  0.917461250000000        5.79992125000000      -9.837220345858767E-002
  0.917461250000000        6.10507500000000      -9.305839396357979E-002
  0.917461250000000        6.41022875000000      -8.848367290134621E-002
  0.917461250000000        6.71538250000000      -8.450168714077377E-002
  0.917461250000000        7.02053625000000      -8.129692384474185E-002
  0.917461250000000        7.32569000000000      -7.839086336988188E-002
   1.22261500000000       2.000000000000000E-003 -0.812887226088576     
   1.22261500000000       0.307153750000000      -0.777468442570194     
   1.22261500000000       0.612307500000000      -0.693380973507142     
   1.22261500000000       0.917461250000000      -0.596785536431497     
   1.22261500000000        1.22261500000000      -0.507475178674295     
   1.22261500000000        1.52776875000000      -0.431603489937261     
   1.22261500000000        1.83292250000000      -0.369312886757654     
   1.22261500000000        2.13807625000000      -0.318838240023767     
   1.22261500000000        2.44323000000000      -0.278849227019343     
   1.22261500000000        2.74838375000000      -0.247583476169054     
   1.22261500000000        3.05353750000000      -0.223214608774643     
   1.22261500000000        3.35869125000000      -0.203622437669243     
   1.22261500000000        3.66384500000000      -0.185936119597801     
   1.22261500000000        3.96899875000000      -0.168237432145578     
   1.22261500000000        4.27415250000000      -0.151086707028530     
   1.22261500000000        4.57930625000000      -0.136023749182371     
   1.22261500000000        4.88446000000000      -0.123648677044515     
   1.22261500000000        5.18961375000000      -0.113802484336793     
   1.22261500000000        5.49476750000000      -0.106001517917938     
   1.22261500000000        5.79992125000000      -9.969723069168300E-002
   1.22261500000000        6.10507500000000      -9.451944920900723E-002
   1.22261500000000        6.41022875000000      -9.010122498913424E-002
   1.22261500000000        6.71538250000000      -8.618602897037066E-002
   1.22261500000000        7.02053625000000      -8.257667845711941E-002
   1.22261500000000        7.32569000000000      -7.891811749133321E-002
   1.52776875000000       2.000000000000000E-003 -0.612659512992059     
   1.52776875000000       0.307153750000000      -0.594393357448131     
   1.52776875000000       0.612307500000000      -0.548142083821268     
   1.52776875000000       0.917461250000000      -0.489860543976240     
   1.52776875000000        1.22261500000000      -0.431603236086376     
   1.52776875000000        1.52776875000000      -0.378796026010728     
   1.52776875000000        1.83292250000000      -0.332668726835925     
   1.52776875000000        2.13807625000000      -0.293777272213699     
   1.52776875000000        2.44323000000000      -0.261727671015127     
   1.52776875000000        2.74838375000000      -0.235505281604368     
   1.52776875000000        3.05353750000000      -0.213790565919400     
   1.52776875000000        3.35869125000000      -0.195142256397536     
   1.52776875000000        3.66384500000000      -0.178213037779605     
   1.52776875000000        3.96899875000000      -0.162252179153765     
   1.52776875000000        4.27415250000000      -0.147406615929879     
   1.52776875000000        4.57930625000000      -0.134249328352251     
   1.52776875000000        4.88446000000000      -0.123147826068379     
   1.52776875000000        5.18961375000000      -0.114072418978977     
   1.52776875000000        5.49476750000000      -0.106701516185778     
   1.52776875000000        5.79992125000000      -0.100604334766106     
   1.52776875000000        6.10507500000000      -9.540942979177353E-002
   1.52776875000000        6.41022875000000      -9.083277573789889E-002
   1.52776875000000        6.71538250000000      -8.665465362931138E-002
   1.52776875000000        7.02053625000000      -8.269450604248742E-002
   1.52776875000000        7.32569000000000      -7.878737086595554E-002
   1.83292250000000       2.000000000000000E-003 -0.477527303521605     
   1.83292250000000       0.307153750000000      -0.467747899777240     
   1.83292250000000       0.612307500000000      -0.441865500374399     
   1.83292250000000       0.917461250000000      -0.406978047852499     
   1.83292250000000        1.22261500000000      -0.369312123587999     
   1.83292250000000        1.52776875000000      -0.332668174562861     
   1.83292250000000        1.83292250000000      -0.299146405729078     
   1.83292250000000        2.13807625000000      -0.269648178359330     
   1.83292250000000        2.44323000000000      -0.244219954348325     
   1.83292250000000        2.74838375000000      -0.222368431922087     
   1.83292250000000        3.05353750000000      -0.203349781411318     
   1.83292250000000        3.35869125000000      -0.186397444345935     
   1.83292250000000        3.66384500000000      -0.170910271402462     
   1.83292250000000        3.96899875000000      -0.156614455641168     
   1.83292250000000        4.27415250000000      -0.143587258189536     
   1.83292250000000        4.57930625000000      -0.132065912629056     
   1.83292250000000        4.88446000000000      -0.122197728030816     
   1.83292250000000        5.18961375000000      -0.113917907006699     
   1.83292250000000        5.49476750000000      -0.106975593950236     
   1.83292250000000        5.79992125000000      -0.101037755083869     
   1.83292250000000        6.10507500000000      -9.579921313480703E-002
   1.83292250000000        6.41022875000000      -9.104280233929503E-002
   1.83292250000000        6.71538250000000      -8.662724898750465E-002
   1.83292250000000        7.02053625000000      -8.245568790300710E-002
   1.83292250000000        7.32569000000000      -7.846619506829081E-002
   2.13807625000000       2.000000000000000E-003 -0.383110330679527     
   2.13807625000000       0.307153750000000      -0.378022576958095     
   2.13807625000000       0.612307500000000      -0.363822195952141     
   2.13807625000000       0.917461250000000      -0.343064321764023     
   2.13807625000000        1.22261500000000      -0.318836623094626     
   2.13807625000000        1.52776875000000      -0.293775839438535     
   2.13807625000000        1.83292250000000      -0.269647340188208     
   2.13807625000000        2.13807625000000      -0.247365470017903     
   2.13807625000000        2.44323000000000      -0.227199918719741     
   2.13807625000000        2.74838375000000      -0.209029292015485     
   2.13807625000000        3.05353750000000      -0.192567974059965     
   2.13807625000000        3.35869125000000      -0.177528849142138     
   2.13807625000000        3.66384500000000      -0.163719615848938     
   2.13807625000000        3.96899875000000      -0.151083896353389     
   2.13807625000000        4.27415250000000      -0.139677901239126     
   2.13807625000000        4.57930625000000      -0.129585044955277     
   2.13807625000000        4.88446000000000      -0.120818868314329     
   2.13807625000000        5.18961375000000      -0.113274017182906     
   2.13807625000000        5.49476750000000      -0.106741937398820     
   2.13807625000000        5.79992125000000      -0.100971381267799     
   2.13807625000000        6.10507500000000      -9.573814809237849E-002
   2.13807625000000        6.41022875000000      -9.089067429105406E-002
   2.13807625000000        6.71538250000000      -8.635399192891628E-002
   2.13807625000000        7.02053625000000      -8.210144528169869E-002
   2.13807625000000        7.32569000000000      -7.812077913588122E-002
   2.44323000000000       2.000000000000000E-003 -0.313313011584794     
   2.44323000000000       0.307153750000000      -0.311536756653304     
   2.44323000000000       0.612307500000000      -0.305400343298919     
   2.44323000000000       0.917461250000000      -0.294065394878002     
   2.44323000000000        1.22261500000000      -0.278846220145810     
   2.44323000000000        1.52776875000000      -0.261725009626928     
   2.44323000000000        1.83292250000000      -0.244218089356919     
   2.44323000000000        2.13807625000000      -0.227199020449617     
   2.44323000000000        2.44323000000000      -0.211063831020724     
   2.44323000000000        2.74838375000000      -0.195936759165603     
   2.44323000000000        3.05353750000000      -0.181829159056568     
   2.44323000000000        3.35869125000000      -0.168732432614684     
   2.44323000000000        3.66384500000000      -0.156654537273408     
   2.44323000000000        3.96899875000000      -0.145623224596811     
   2.44323000000000        4.27415250000000      -0.135670921789401     
   2.44323000000000        4.57930625000000      -0.126805082453934     
   2.44323000000000        4.88446000000000      -0.118978269407687     
   2.44323000000000        5.18961375000000      -0.112075282486859     
   2.44323000000000        5.49476750000000      -0.105927078494176     
   2.44323000000000        5.79992125000000      -0.100348844505990     
   2.44323000000000        6.10507500000000      -9.518709674079059E-002
   2.44323000000000        6.41022875000000      -9.035330072542709E-002
   2.44323000000000        6.71538250000000      -8.582630595958657E-002
   2.44323000000000        7.02053625000000      -8.162167574816884E-002
   2.44323000000000        7.32569000000000      -7.774315592047756E-002
   2.74838375000000       2.000000000000000E-003 -0.260425771628995     
   2.74838375000000       0.307153750000000      -0.261390374921191     
   2.74838375000000       0.612307500000000      -0.261457578463455     
   2.74838375000000       0.917461250000000      -0.256947168166603     
   2.74838375000000        1.22261500000000      -0.247578496265809     
   2.74838375000000        1.52776875000000      -0.235501161428398     
   2.74838375000000        1.83292250000000      -0.222365521277723     
   2.74838375000000        2.13807625000000      -0.209027614296605     
   2.74838375000000        2.44323000000000      -0.195936098357299     
   2.74838375000000        2.74838375000000      -0.183337824885933     
   2.74838375000000        3.05353750000000      -0.171382601810756     
   2.74838375000000        3.35869125000000      -0.160171427252235     
   2.74838375000000        3.66384500000000      -0.149772313537752     
   2.74838375000000        3.96899875000000      -0.140224143552955     
   2.74838375000000        4.27415250000000      -0.131538891600818     
   2.74838375000000        4.57930625000000      -0.123699058651245     
   2.74838375000000        4.88446000000000      -0.116650294915244     
   2.74838375000000        5.18961375000000      -0.110296255515156     
   2.74838375000000        5.49476750000000      -0.104507550693303     
   2.74838375000000        5.79992125000000      -9.915015576176468E-002
   2.74838375000000        6.10507500000000      -9.412369794271694E-002
   2.74838375000000        6.41022875000000      -8.938981970928893E-002
   2.74838375000000        6.71538250000000      -8.495810510422917E-002
   2.74838375000000        7.02053625000000      -8.092369399002775E-002
   2.74838375000000        7.32569000000000      -7.730851953947057E-002
   3.05353750000000       2.000000000000000E-003 -0.223181199011911     
   3.05353750000000       0.307153750000000      -0.226976729376894     
   3.05353750000000       0.612307500000000      -0.231451706943068     
   3.05353750000000       0.917461250000000      -0.229992431882583     
   3.05353750000000        1.22261500000000      -0.223207318903234     
   3.05353750000000        1.52776875000000      -0.213785093687041     
   3.05353750000000        1.83292250000000      -0.203346062267272     
   3.05353750000000        2.13807625000000      -0.192565800874523     
   3.05353750000000        2.44323000000000      -0.181828165705726     
   3.05353750000000        2.74838375000000      -0.171382327924249     
   3.05353750000000        3.05353750000000      -0.161388457266035     
   3.05353750000000        3.35869125000000      -0.151941027696744     
   3.05353750000000        3.66384500000000      -0.143089558265476     
   3.05353750000000        3.96899875000000      -0.134855736010110     
   3.05353750000000        4.27415250000000      -0.127245758235222     
   3.05353750000000        4.57930625000000      -0.120253336430239     
   3.05353750000000        4.88446000000000      -0.113849992676085     
   3.05353750000000        5.18961375000000      -0.107972622609050     
   3.05353750000000        5.49476750000000      -0.102527043457905     
   3.05353750000000        5.79992125000000      -9.741521280282291E-002
   3.05353750000000        6.10507500000000      -9.257211782967890E-002
   3.05353750000000        6.41022875000000      -8.797075204233201E-002
   3.05353750000000        6.71538250000000      -8.368873805554358E-002
   3.05353750000000        7.02053625000000      -8.000079573019728E-002
   3.05353750000000        7.32569000000000      -7.687309441217191E-002
   3.35869125000000       2.000000000000000E-003 -0.204359743795752     
   3.35869125000000       0.307153750000000      -0.209381900819673     
   3.35869125000000       0.612307500000000      -0.213463204078458     
   3.35869125000000       0.917461250000000      -0.210674565326308     
   3.35869125000000        1.22261500000000      -0.203613410615668     
   3.35869125000000        1.52776875000000      -0.195136102318889     
   3.35869125000000        1.83292250000000      -0.186393452288818     
   3.35869125000000        2.13807625000000      -0.177526598509478     
   3.35869125000000        2.44323000000000      -0.168731462327725     
   3.35869125000000        2.74838375000000      -0.160171219832787     
   3.35869125000000        3.05353750000000      -0.151941103560959     
   3.35869125000000        3.35869125000000      -0.144076721681811     
   3.35869125000000        3.66384500000000      -0.136586225958416     
   3.35869125000000        3.96899875000000      -0.129478368068682     
   3.35869125000000        4.27415250000000      -0.122771595134850     
   3.35869125000000        4.57930625000000      -0.116489939760003     
   3.35869125000000        4.88446000000000      -0.110641107183161     
   3.35869125000000        5.18961375000000      -0.105193997577824     
   3.35869125000000        5.49476750000000      -0.100081428191159     
   3.35869125000000        5.79992125000000      -9.523063664431375E-002
   3.35869125000000        6.10507500000000      -9.059674659474558E-002
   3.35869125000000        6.41022875000000      -8.615237495401835E-002
   3.35869125000000        6.71538250000000      -8.210421534007468E-002
   3.35869125000000        7.02053625000000      -7.896655432410361E-002
   3.35869125000000        7.32569000000000      -7.650466290324963E-002
   3.66384500000000       2.000000000000000E-003 -0.196436164338501     
   3.66384500000000       0.307153750000000      -0.198348350148738     
   3.66384500000000       0.612307500000000      -0.198654088461848     
   3.66384500000000       0.917461250000000      -0.193473997273042     
   3.66384500000000        1.22261500000000      -0.185927604531448     
   3.66384500000000        1.52776875000000      -0.178207427902206     
   3.66384500000000        1.83292250000000      -0.170906750963357     
   3.66384500000000        2.13807625000000      -0.163717769883045     
   3.66384500000000        2.44323000000000      -0.156653928426517     
   3.66384500000000        2.74838375000000      -0.149772439705234     
   3.66384500000000        3.05353750000000      -0.143089946205639     
   3.66384500000000        3.35869125000000      -0.136586522027362     
   3.66384500000000        3.66384500000000      -0.130245231065223     
   3.66384500000000        3.96899875000000      -0.124081059732850     
   3.66384500000000        4.27415250000000      -0.118138362163636     
   3.66384500000000        4.57930625000000      -0.112473931615075     
   3.66384500000000        4.88446000000000      -0.107123600456986     
   3.66384500000000        5.18961375000000      -0.102077051520542     
   3.66384500000000        5.49476750000000      -9.728619643334177E-002
   3.66384500000000        5.79992125000000      -9.270070227742570E-002
   3.66384500000000        6.10507500000000      -8.829698710638799E-002
   3.66384500000000        6.41022875000000      -8.410480816608035E-002
   3.66384500000000        6.71538250000000      -8.041493998027564E-002
   3.66384500000000        7.02053625000000      -7.782580609449741E-002
   3.66384500000000        7.32569000000000      -7.585404134270124E-002
   3.96899875000000       2.000000000000000E-003 -0.169268485211275     
   3.96899875000000       0.307153750000000      -0.174572360626586     
   3.96899875000000       0.612307500000000      -0.177448839542110     
   3.96899875000000       0.917461250000000      -0.174096400402149     
   3.96899875000000        1.22261500000000      -0.168231989864902     
   3.96899875000000        1.52776875000000      -0.162248349768564     
   3.96899875000000        1.83292250000000      -0.156612110460763     
   3.96899875000000        2.13807625000000      -0.151082897880721     
   3.96899875000000        2.44323000000000      -0.145623275424113     
   3.96899875000000        2.74838375000000      -0.140224819217264     
   3.96899875000000        3.05353750000000      -0.134856601555330     
   3.96899875000000        3.35869125000000      -0.129479085921038     
   3.96899875000000        3.66384500000000      -0.124081441374104     
   3.96899875000000        3.96899875000000      -0.118702112690636     
   3.96899875000000        4.27415250000000      -0.113415812179155     
   3.96899875000000        4.57930625000000      -0.108302494227604     
   3.96899875000000        4.88446000000000      -0.103409785135615     
   3.96899875000000        5.18961375000000      -9.873554948480971E-002
   3.96899875000000        5.49476750000000      -9.424632786762631E-002
   3.96899875000000        5.79992125000000      -8.991798325910121E-002
   3.96899875000000        6.10507500000000      -8.576784516856986E-002
   3.96899875000000        6.41022875000000      -8.190761114178201E-002
   3.96899875000000        6.71538250000000      -7.865983720051521E-002
   3.96899875000000        7.02053625000000      -7.634987855874018E-002
   3.96899875000000        7.32569000000000      -7.436959911509999E-002
   4.27415250000000       2.000000000000000E-003 -0.148401082942312     
   4.27415250000000       0.307153750000000      -0.151321149006564     
   4.27415250000000       0.612307500000000      -0.154599803681219     
   4.27415250000000       0.917461250000000      -0.154093577596970     
   4.27415250000000        1.22261500000000      -0.151085099678841     
   4.27415250000000        1.52776875000000      -0.147405111036119     
   4.27415250000000        1.83292250000000      -0.143586491901828     
   4.27415250000000        2.13807625000000      -0.139678064977804     
   4.27415250000000        2.44323000000000      -0.135671887758227     
   4.27415250000000        2.74838375000000      -0.131540325034788     
   4.27415250000000        3.05353750000000      -0.127247259678058     
   4.27415250000000        3.35869125000000      -0.122772830225743     
   4.27415250000000        3.66384500000000      -0.118139143848052     
   4.27415250000000        3.96899875000000      -0.113416127466488     
   4.27415250000000        4.27415250000000      -0.108700417463890     
   4.27415250000000        4.57930625000000      -0.104079536699263     
   4.27415250000000        4.88446000000000      -9.959970317404805E-002
   4.27415250000000        5.18961375000000      -9.526045343745523E-002
   4.27415250000000        5.49476750000000      -9.104221037087619E-002
   4.27415250000000        5.79992125000000      -8.694903291740734E-002
   4.27415250000000        6.10507500000000      -8.304206010200341E-002
   4.27415250000000        6.41022875000000      -7.946874185453535E-002
   4.27415250000000        6.71538250000000      -7.651043394346957E-002
   4.27415250000000        7.02053625000000      -7.429022655355944E-002
   4.27415250000000        7.32569000000000      -7.230665255218362E-002
   4.57930625000000       2.000000000000000E-003 -0.132541705324423     
   4.57930625000000       0.307153750000000      -0.133918144721715     
   4.57930625000000       0.612307500000000      -0.136159039023019     
   4.57930625000000       0.917461250000000      -0.136936240410707     
   4.57930625000000        1.22261500000000      -0.136024928604209     
   4.57930625000000        1.52776875000000      -0.134249910107660     
   4.57930625000000        1.83292250000000      -0.132066763511484     
   4.57930625000000        2.13807625000000      -0.129586530449312     
   4.57930625000000        2.44323000000000      -0.126807179412438     
   4.57930625000000        2.74838375000000      -0.123701474206846     
   4.57930625000000        3.05353750000000      -0.120255659060800     
   4.57930625000000        3.35869125000000      -0.116491792627515     
   4.57930625000000        3.66384500000000      -0.112475094402412     
   4.57930625000000        3.96899875000000      -0.108302969329909     
   4.57930625000000        4.27415250000000      -0.104079557779676     
   4.57930625000000        4.57930625000000      -9.988666573313000E-002
   4.57930625000000        4.88446000000000      -9.576402102134295E-002
   4.57930625000000        5.18961375000000      -9.171408119030415E-002
   4.57930625000000        5.49476750000000      -8.773304238423646E-002
   4.57930625000000        5.79992125000000      -8.384862872263001E-002
   4.57930625000000        6.10507500000000      -8.014303233266054E-002
   4.57930625000000        6.41022875000000      -7.675221838227782E-002
   4.57930625000000        6.71538250000000      -7.384842378628691E-002
   4.57930625000000        7.02053625000000      -7.145224741413718E-002
   4.57930625000000        7.32569000000000      -6.921895338474782E-002
   4.88446000000000       2.000000000000000E-003 -0.120496534517243     
   4.88446000000000       0.307153750000000      -0.121238786952946     
   4.88446000000000       0.612307500000000      -0.122681431892592     
   4.88446000000000       0.917461250000000      -0.123563236959888     
   4.88446000000000        1.22261500000000      -0.123651314127289     
   4.88446000000000        1.52776875000000      -0.123149896788273     
   4.88446000000000        1.83292250000000      -0.122199998015736     
   4.88446000000000        2.13807625000000      -0.120821712654133     
   4.88446000000000        2.44323000000000      -0.118981671000159     
   4.88446000000000        2.74838375000000      -0.116653920400421     
   4.88446000000000        3.05353750000000      -0.113853337240173     
   4.88446000000000        3.35869125000000      -0.110643676686140     
   4.88446000000000        3.66384500000000      -0.107125087092935     
   4.88446000000000        3.96899875000000      -0.103410184104414     
   4.88446000000000        4.27415250000000      -9.959933654051477E-002
   4.88446000000000        4.57930625000000      -9.576347513327078E-002
   4.88446000000000        4.88446000000000      -9.193813092081592E-002
   4.88446000000000        5.18961375000000      -8.813452558206554E-002
   4.88446000000000        5.49476750000000      -8.436629651198202E-002
   4.88446000000000        5.79992125000000      -8.067617704434479E-002
   4.88446000000000        6.10507500000000      -7.714496477898117E-002
   4.88446000000000        6.41022875000000      -7.387601128212623E-002
   4.88446000000000        6.71538250000000      -7.095578048334746E-002
   4.88446000000000        7.02053625000000      -6.838335376521301E-002
   4.88446000000000        7.32569000000000      -6.599751215984523E-002
   5.18961375000000       2.000000000000000E-003 -0.110888705226162     
   5.18961375000000       0.307153750000000      -0.111296040579376     
   5.18961375000000       0.612307500000000      -0.112220739549050     
   5.18961375000000       0.917461250000000      -0.113156719449562     
   5.18961375000000        1.22261500000000      -0.113805640715319     
   5.18961375000000        1.52776875000000      -0.114075401298939     
   5.18961375000000        1.83292250000000      -0.113921325783597     
   5.18961375000000        2.13807625000000      -0.113278180314284     
   5.18961375000000        2.44323000000000      -0.112080106486847     
   5.18961375000000        2.74838375000000      -0.110301288275063     
   5.18961375000000        3.05353750000000      -0.107977174188964     
   5.18961375000000        3.35869125000000      -0.105197360776577     
   5.18961375000000        3.66384500000000      -0.102078759318484     
   5.18961375000000        3.96899875000000      -9.873556917295537E-002
   5.18961375000000        4.27415250000000      -9.525922402073132E-002
   5.18961375000000        4.57930625000000      -9.171238699747349E-002
   5.18961375000000        4.88446000000000      -8.813327670668109E-002
   5.18961375000000        5.18961375000000      -8.454727579456152E-002
   5.18961375000000        5.49476750000000      -8.098373661887129E-002
   5.18961375000000        5.79992125000000      -7.748902670364806E-002
   5.18961375000000        6.10507500000000      -7.412721674856407E-002
   5.18961375000000        6.41022875000000      -7.096655073055974E-002
   5.18961375000000        6.71538250000000      -6.805818066105142E-002
   5.18961375000000        7.02053625000000      -6.541542766312158E-002
   5.18961375000000        7.32569000000000      -6.300582580171978E-002
   5.49476750000000       2.000000000000000E-003 -0.102240187064714     
   5.49476750000000       0.307153750000000      -0.102643902280530     
   5.49476750000000       0.612307500000000      -0.103695010723310     
   5.49476750000000       0.917461250000000      -0.104948713641359     
   5.49476750000000        1.22261500000000      -0.106004689707493     
   5.49476750000000        1.52776875000000      -0.106704990896281     
   5.49476750000000        1.83292250000000      -0.106979896337861     
   5.49476750000000        2.13807625000000      -0.106747313825591     
   5.49476750000000        2.44323000000000      -0.105933362709110     
   5.49476750000000        2.74838375000000      -0.104514134156518     
   5.49476750000000        3.05353750000000      -0.102532971106110     
   5.49476750000000        3.35869125000000      -0.100085656226200     
   5.49476750000000        3.66384500000000      -9.728799119066976E-002
   5.49476750000000        3.96899875000000      -9.424561758778381E-002
   5.49476750000000        4.27415250000000      -9.103963341882668E-002
   5.49476750000000        4.57930625000000      -8.772967491574438E-002
   5.49476750000000        4.88446000000000      -8.436328039103187E-002
   5.49476750000000        5.18961375000000      -8.098198031825564E-002
   5.49476750000000        5.49476750000000      -7.762439220853348E-002
   5.49476750000000        5.79992125000000      -7.432812548257250E-002
   5.49476750000000        6.10507500000000      -7.112867888226675E-002
   5.49476750000000        6.41022875000000      -6.805621756721160E-002
   5.49476750000000        6.71538250000000      -6.514836479744093E-002
   5.49476750000000        7.02053625000000      -6.247952904558587E-002
   5.49476750000000        7.32569000000000      -6.011523291894643E-002
   5.79992125000000       2.000000000000000E-003 -9.500627397824010E-002
   5.79992125000000       0.307153750000000      -9.553812777401310E-002
   5.79992125000000       0.612307500000000      -9.684295760219012E-002
   5.79992125000000       0.917461250000000      -9.837487968819822E-002
   5.79992125000000        1.22261500000000      -9.970017338340358E-002
   5.79992125000000        1.52776875000000      -0.100607971864540     
   5.79992125000000        1.83292250000000      -0.101042645989913     
   5.79992125000000        2.13807625000000      -0.100977765006466     
   5.79992125000000        2.44323000000000      -0.100356523908767     
   5.79992125000000        2.74838375000000      -9.915841348249103E-002
   5.79992125000000        3.05353750000000      -9.742278740282716E-002
   5.79992125000000        3.35869125000000      -9.523593315381218E-002
   5.79992125000000        3.66384500000000      -9.270246473442473E-002
   5.79992125000000        3.96899875000000      -8.991610529171781E-002
   5.79992125000000        4.27415250000000      -8.694460523526444E-002
   5.79992125000000        4.57930625000000      -8.384321878681046E-002
   5.79992125000000        4.88446000000000      -8.067118801794242E-002
   5.79992125000000        5.18961375000000      -7.748541870256169E-002
   5.79992125000000        5.49476750000000      -7.432633653440626E-002
   5.79992125000000        5.79992125000000      -7.121322077631019E-002
   5.79992125000000        6.10507500000000      -6.814669594112481E-002
   5.79992125000000        6.41022875000000      -6.513343564908888E-002
   5.79992125000000        6.71538250000000      -6.222646123698492E-002
   5.79992125000000        7.02053625000000      -5.954554317326241E-002
   5.79992125000000        7.32569000000000      -5.724224224269559E-002
   6.10507500000000       2.000000000000000E-003 -8.812650627012709E-002
   6.10507500000000       0.307153750000000      -8.903371250637140E-002
   6.10507500000000       0.612307500000000      -9.105953383634570E-002
   6.10507500000000       0.917461250000000      -9.306016541135406E-002
   6.10507500000000        1.22261500000000      -9.452181520045054E-002
   6.10507500000000        1.52776875000000      -9.541278200304329E-002
   6.10507500000000        1.83292250000000      -9.580426384577735E-002
   6.10507500000000        2.13807625000000      -9.574516677109271E-002
   6.10507500000000        2.44323000000000      -9.519598366977325E-002
   6.10507500000000        2.74838375000000      -9.413387144996603E-002
   6.10507500000000        3.05353750000000      -9.258214280845689E-002
   6.10507500000000        3.35869125000000      -9.060397143194623E-002
   6.10507500000000        3.66384500000000      -8.829868288490193E-002
   6.10507500000000        3.96899875000000      -8.576391428741843E-002
   6.10507500000000        4.27415250000000      -8.303499449394325E-002
   6.10507500000000        4.57930625000000      -8.013535192279536E-002
   6.10507500000000        4.88446000000000      -7.713818782745696E-002
   6.10507500000000        5.18961375000000      -7.412211088326982E-002
   6.10507500000000        5.49476750000000      -7.112546896228929E-002
   6.10507500000000        5.79992125000000      -6.814521704594427E-002
   6.10507500000000        6.10507500000000      -6.516547178970548E-002
   6.10507500000000        6.41022875000000      -6.214891346576842E-002
   6.10507500000000        6.71538250000000      -5.912195762544555E-002
   6.10507500000000        7.02053625000000      -5.629109373356919E-002
   6.10507500000000        7.32569000000000      -5.400744552352407E-002
   6.41022875000000       2.000000000000000E-003 -7.970518452768037E-002
   6.41022875000000       0.307153750000000      -8.169175162872809E-002
   6.41022875000000       0.612307500000000      -8.552051760396956E-002
   6.41022875000000       0.917461250000000      -8.848479189692861E-002
   6.41022875000000        1.22261500000000      -9.010286670180669E-002
   6.41022875000000        1.52776875000000      -9.083541982929244E-002
   6.41022875000000        1.83292250000000      -9.104738529184264E-002
   6.41022875000000        2.13807625000000      -9.089771646091416E-002
   6.41022875000000        2.44323000000000      -9.036299218800346E-002
   6.41022875000000        2.74838375000000      -8.940242266659412E-002
   6.41022875000000        3.05353750000000      -8.798490157019183E-002
   6.41022875000000        3.35869125000000      -8.616300237613138E-002
   6.41022875000000        3.66384500000000      -8.410654623454025E-002
   6.41022875000000        3.96899875000000      -8.190052601936744E-002
   6.41022875000000        4.27415250000000      -7.945789367199071E-002
   6.41022875000000        4.57930625000000      -7.674214673089672E-002
   6.41022875000000        4.88446000000000      -7.386811262860832E-002
   6.41022875000000        5.18961375000000      -7.096073797213970E-002
   6.41022875000000        5.49476750000000      -6.805222612901039E-002
   6.41022875000000        5.79992125000000      -6.513098973974669E-002
   6.41022875000000        6.10507500000000      -6.214787832205383E-002
   6.41022875000000        6.41022875000000      -5.894450802267939E-002
   6.41022875000000        6.71538250000000      -5.547058393321972E-002
   6.41022875000000        7.02053625000000      -5.211501883638116E-002
   6.41022875000000        7.32569000000000      -4.973307567113955E-002
   6.71538250000000       2.000000000000000E-003 -6.900930872508465E-002
   6.71538250000000       0.307153750000000      -7.330036805024449E-002
   6.71538250000000       0.612307500000000      -8.027003949779317E-002
   6.71538250000000       0.917461250000000      -8.450263284360170E-002
   6.71538250000000        1.22261500000000      -8.618711325682521E-002
   6.71538250000000        1.52776875000000      -8.665648121646713E-002
   6.71538250000000        1.83292250000000      -8.663073397477142E-002
   6.71538250000000        2.13807625000000      -8.636016051644146E-002
   6.71538250000000        2.44323000000000      -8.583581112492671E-002
   6.71538250000000        2.74838375000000      -8.497240384543953E-002
   6.71538250000000        3.05353750000000      -8.370642009688051E-002
   6.71538250000000        3.35869125000000      -8.211871777995712E-002
   6.71538250000000        3.66384500000000      -8.041650005500404E-002
   6.71538250000000        3.96899875000000      -7.864924476357107E-002
   6.71538250000000        4.27415250000000      -7.649709054190504E-002
   6.71538250000000        4.57930625000000      -7.383745528701559E-002
   6.71538250000000        4.88446000000000      -7.094817348116239E-002
   6.71538250000000        5.18961375000000      -6.805285267454282E-002
   6.71538250000000        5.49476750000000      -6.514442549606476E-002
   6.71538250000000        5.79992125000000      -6.222377032733806E-002
   6.71538250000000        6.10507500000000      -5.912045680238014E-002
   6.71538250000000        6.41022875000000      -5.547001894508545E-002
   6.71538250000000        6.71538250000000      -5.102893304142503E-002
   6.71538250000000        7.02053625000000      -4.654218387153350E-002
   6.71538250000000        7.32569000000000      -4.395147163848134E-002
   7.02053625000000       2.000000000000000E-003 -6.421639633796276E-002
   7.02053625000000       0.307153750000000      -6.971377793090280E-002
   7.02053625000000       0.612307500000000      -7.722214197734505E-002
   7.02053625000000       0.917461250000000      -8.129806860434113E-002
   7.02053625000000        1.22261500000000      -8.257758887462341E-002
   7.02053625000000        1.52776875000000      -8.269569402961630E-002
   7.02053625000000        1.83292250000000      -8.245782465935064E-002
   7.02053625000000        2.13807625000000      -8.210564639260952E-002
   7.02053625000000        2.44323000000000      -8.162882904824080E-002
   7.02053625000000        2.74838375000000      -8.093504962981983E-002
   7.02053625000000        3.05353750000000      -8.001593711361370E-002
   7.02053625000000        3.35869125000000      -7.898047237170062E-002
   7.02053625000000        3.66384500000000      -7.782565194850771E-002
   7.02053625000000        3.96899875000000      -7.633845469270707E-002
   7.02053625000000        4.27415250000000      -7.427957643632323E-002
   7.02053625000000        4.57930625000000      -7.144481928256501E-002
   7.02053625000000        4.88446000000000      -6.837845375349136E-002
   7.02053625000000        5.18961375000000      -6.541199930075525E-002
   7.02053625000000        5.49476750000000      -6.247667472176489E-002
   7.02053625000000        5.79992125000000      -5.954340912024499E-002
   7.02053625000000        6.10507500000000      -5.628963963462984E-002
   7.02053625000000        6.41022875000000      -5.211402954780900E-002
   7.02053625000000        6.71538250000000      -4.654156208498657E-002
   7.02053625000000        7.02053625000000      -4.116104759584330E-002
   7.02053625000000        7.32569000000000      -3.882845044780776E-002
   7.32569000000000       2.000000000000000E-003 -6.580897610583472E-002
   7.32569000000000       0.307153750000000      -7.244235884256077E-002
   7.32569000000000       0.612307500000000      -7.638798602214272E-002
   7.32569000000000       0.917461250000000      -7.839218164299309E-002
   7.32569000000000        1.22261500000000      -7.891917463985179E-002
   7.32569000000000        1.52776875000000      -7.878815819114958E-002
   7.32569000000000        1.83292250000000      -7.846693892743302E-002
   7.32569000000000        2.13807625000000      -7.812213529909715E-002
   7.32569000000000        2.44323000000000      -7.774529448612195E-002
   7.32569000000000        2.74838375000000      -7.731106934500864E-002
   7.32569000000000        3.05353750000000      -7.687498796148028E-002
   7.32569000000000        3.35869125000000      -7.650477716340706E-002
   7.32569000000000        3.66384500000000      -7.585242167442575E-002
   7.32569000000000        3.96899875000000      -7.436850584777072E-002
   7.32569000000000        4.27415250000000      -7.230671087083325E-002
   7.32569000000000        4.57930625000000      -6.921926477250842E-002
   7.32569000000000        4.88446000000000      -6.599752519009679E-002
   7.32569000000000        5.18961375000000      -6.300537154118505E-002
   7.32569000000000        5.49476750000000      -6.011434394750338E-002
   7.32569000000000        5.79992125000000      -5.724140132509543E-002
   7.32569000000000        6.10507500000000      -5.400653589622281E-002
   7.32569000000000        6.41022875000000      -4.973142541917675E-002
   7.32569000000000        6.71538250000000      -4.394828835119756E-002
   7.32569000000000        7.02053625000000      -3.882433485588438E-002
   7.32569000000000        7.32569000000000      -3.565030754371737E-002
